14.5625,15.1875,19.25,20.583333,5199.3904,2054.9599,581.71701,2562.6825,7805.9661,3979.424,1005.3807,2821.1613,70.777223,-1.3978161,4.0103279,5.823216,327.01559,491.33536,148.86435,203.37307,1.8554688,1.0742188,0.9765625,0.9765625,0.29470481,0.59751111,0.55232479,0.4820217,15,19,18,16,17,17,13,13,50.109169,28.062175,20.292565,38.384024,86.024324,46.192881,26.353981,46.620272
14.352941,14.25,24,24.333333,5392.3292,1019.3708,1018.5358,3354.4024,5811.5405,1360.4887,904.86753,3546.1843,70.894466,2.5392643,3.924872,26.814871,137.06795,192.54457,107.45482,218.70632,1.8554688,0.9765625,0.9765625,0.87890625,0.18188922,0.53659267,0.38574484,0.36126339,15,13,23.5,26.5,18,17,10,10,44.406424,17.102651,24.386905,51.104672,77.347256,30.004652,25.403027,52.5048
13.764706,16.5,26.444444,26.555556,7710.5042,1764.2138,1115.5846,4830.6778,7086.8017,1471.3621,1081.623,4533.8166,83.220187,3.1435598,12.836712,32.467175,137.22342,197.13478,115.87833,222.3443,1.8554688,0.87890625,0.87890625,0.87890625,0.17442669,0.4030543,0.38972697,0.32710519,14,19,27.5,27,18,15,10,10,47.723683,19.829955,33.203608,68.575272,86.677629,30.045387,31.389966,64.55831
14.8125,20.166667,23.5,25.777778,7727.9101,1687.0771,1095.297,4945.4164,7716.1485,1881.2188,1037.5164,4797.4133,85.981607,5.6156796,7.0073918,15.119608,139.24339,199.10027,131.94406,251.10635,1.7578125,0.87890625,0.87890625,0.87890625,0.17031687,0.35630937,0.31872103,0.24173758,15,21,28,28,17,13,11,10,53.060216,29.045128,28.137557,68.316628,89.553108,36.006357,29.933571,66.25535
16,17.071429,17.692308,26.25,7165.2676,2050.0713,880.68116,4234.4954,7523.4605,2175.4484,1020.2126,4327.7996,84.616335,8.1366318,6.1162078,10.49888,136.97584,241.52307,123.88678,242.87816,1.7578125,0.87890625,0.87890625,0.87890625,0.18404383,0.47472387,0.37695533,0.32680008,15,19,15,29,16,15,14,9,55.578659,27.309075,19.902904,64.979436,86.841655,39.992369,28.123668,61.885178
15.25,17.538462,16,26,8955.5588,3524.6057,995.76252,4435.1746,9420.5458,3382.9015,915.1871,5122.4572,88.99181,6.4702397,1.3733999,5.43256,210.68849,322.71848,124.6803,277.86629,1.7578125,0.87890625,0.87890625,0.87890625,0.22139452,0.50043726,0.46144839,0.35686309,15,16.5,16,26,17,14,15,10,59.431314,33.890877,17.213741,69.526892,97.428383,48.309364,26.896471,66.85278
16.333333,19.166667,19,27.375,11273.524,4124.1624,889.50342,6259.8316,9655.1402,3745.8056,885.48506,5023.8495,89.574612,14.258944,4.4253998,17.841992,212.6445,322.71848,119.7849,277.86629,1.7578125,0.87890625,0.87890625,0.87890625,0.19055208,0.42452782,0.41682553,0.20564116,15,17,16,28,16,13,13,9,65.784474,39.733074,20.589089,75.803456,100.69052,51.825749,27.090906,69.226901
15.0625,20.545455,21.545455,28.5,6563.3494,2262.3306,843.31327,3457.6323,7218.2386,2290.5085,829.96029,4097.7697,78.323928,3.4304478,6.8975197,19.050584,178.3051,246.04003,119.50411,262.14238,1.7578125,0.87890625,0.87890625,0.87890625,0.1888114,0.34940856,0.33154609,0.20886887,15,20.5,16,28,17,12,11,9,51.266002,29.866104,23.192729,67.776526,85.0888,36.341499,26.719734,59.453093
15.3125,18.461538,20.909091,24,4587.2191,1119.2338,749.31428,2718.6661,5397.1948,1543.5114,773.79451,3079.8889,70.7664,6.6777761,5.8781519,16.639504,124.08338,185.67147,114.58429,215.49561,1.7578125,0.87890625,0.87890625,0.87890625,0.16224935,0.29832911,0.3084233,0.20887305,16,19.5,15.5,28,17,14,12,11,45.617871,22.84743,21.669399,52.73177,74.478157,30.939229,25.909064,54.928927
16.066667,18.75,19.833333,21.454545,5232.9378,1380.9324,692.34407,3159.6581,6647.4565,2749.3915,904.11689,2993.9481,67.519258,-2.5453678,1.6419759,15.491952,240.09801,261.55639,145.47053,236.12713,1.7578125,0.87890625,0.9765625,0.87890625,0.25581919,0.48043016,0.59749815,0.37409239,16.5,20,18.5,22.5,16,13,12,12,50.801875,27.613672,21.570102,45.513765,79.048561,36.818229,24.923437,53.035107
16.357143,17.071429,17,20.181818,9598.342,5064.1496,1384.7349,3149.4432,6814.004,2810.7458,1002.6361,3000.6221,66.296404,-7.4590879,-3.0703119,4.9869679,235.70032,261.55639,145.47053,241.40099,1.6601563,0.87890625,1.171875,0.9765625,0.27352211,0.54251101,0.54586234,0.50871053,17,16,16,16.5,15,15,13,12,52.261359,28.897328,19.542237,42.432574,79.875439,42.318263,26.527924,52.562873
17.285714,15.4375,16.928571,21.545455,6580.1341,2694.7287,1086.1811,2799.197,12224.894,6355.9347,1647.6994,4221.2597,76.793141,-5.1945041,-2.7529038,5.5119117,319.27059,475.89224,215.12937,317.12721,1.171875,0.68359375,0.87890625,0.87890625,0.34330599,0.54211431,0.56808417,0.55208169,18,16,15,16.5,15,17,15,12,68.844384,34.5479,24.768946,47.190868,99.568323,55.948017,36.578612,54.757336
17,16.285714,19,28.5,18225.546,9476.616,2134.4045,6614.5074,11981.882,5674.1724,1709.7909,4597.919,81.142408,7.7703918,2.752904,3.2045995,325.94757,475.89224,215.12937,317.12721,1.2695313,0.78125,0.87890625,0.87890625,0.33269176,0.53114081,0.50001043,0.41529275,18,13,15,29,15,15,13,9,67.778092,34.783695,28.72668,67.458217,99.673665,53.396023,37.798263,59.173875
17,17,20.909091,29.625,8371.2567,3187.3053,1625.4626,3558.4573,11133.532,4852.2234,1473.1561,4808.1527,83.015085,6.4824481,9.1865198,13.105288,325.94757,428.83041,180.40982,317.12721,1.2695313,0.87890625,0.87890625,0.87890625,0.32697106,0.51266693,0.42145592,0.37720765,16,13.5,21,28,15,14,12,9,63.636813,28.465117,29.273435,72.512686,93.583549,41.860466,35.000847,61.19214
16.571429,19,21.272727,26.875,6261.7747,1784.9634,961.95389,3514.7996,7990.9248,2278.4919,1424.6596,4287.7733,81.796927,5.9819196,0.79351997,11.097072,174.68422,259.68857,171.87643,279.77073,1.953125,0.87890625,0.87890625,0.87890625,0.23894364,0.45897144,0.39929294,0.33099941,17,20,21.5,28,15,13,12,9,56.834889,27.023288,28.245023,63.541587,85.742289,35.556957,33.193938,59.108453
15.533333,17.5,19.833333,25.111111,12201.259,3407.7448,2237.1425,6556.3484,9909.5301,2925.6381,1730.1704,5253.7215,91.879752,8.441832,1.422232,16.670023,207.59488,288.99998,206.42507,308.61823,1.7578125,0.87890625,0.87890625,0.87890625,0.21833128,0.39541343,0.38109805,0.28932719,16,20,17,22,16,15,13,10,63.552514,30.390185,29.076093,71.333567,102.28409,43.41455,36.650538,71.017932
14.4,16.928571,18.769231,24.6,9923.3908,3138.9627,1701.36,5082.981,10701.836,3116.3086,1811.0419,5774.4854,97.080322,11.969944,0.20753615,14.045304,208.49335,280.35672,206.42507,308.61823,1.7578125,0.87890625,0.87890625,0.87890625,0.20875336,0.46736607,0.38570665,0.26521697,14,19,17,26,16,15,14,11,61.405246,29.474327,28.964044,71.513051,106.60633,43.527487,38.579157,72.675865
14.733333,17.214286,17.384615,28.25,9156.2105,3140.9239,1142.3624,4872.8118,8954.0808,3116.2199,1144.4919,4693.369,90.623561,12.323976,2.0082156,17.768744,154.42577,243.96467,144.99442,248.98215,1.953125,0.87890625,1.4648438,0.87890625,0.18924216,0.3491626,0.38204679,0.2749566,15,20,15.5,28,16,15,14,9,57.949273,30.471222,22.923581,73.935451,98.330215,44.252811,32.965326,65.429602
16.285714,15.266667,16.769231,24.333333,8896.9905,3171.1954,1145.0912,4580.6848,8688.233,2996.8216,1128.8963,4562.5151,89.678945,14.612975,0.42727985,11.426688,146.39107,252.99859,152.35584,252.36378,1.7578125,0.87890625,1.0742188,0.87890625,0.18457749,0.34035218,0.37384009,0.26373696,16,14,15,28,15,16,14,10,61.492033,26.811337,21.241982,64.636685,94.395664,43.905028,31.668092,66.407553
16.142857,17.285714,16.571429,25.777778,8843.5814,3562.9329,1073.4393,4207.179,8927.1948,3374.411,1116.4225,4436.3612,92.634016,13.929328,2.6003039,18.250961,154.8526,259.39558,152.35584,236.37129,1.7578125,0.87890625,1.3671875,0.87890625,0.18677648,0.42012956,0.46912269,0.33804392,17,20,15,29,15,15,15,9,63.404846,32.299257,21.358166,75.856621,98.193346,46.713802,32.221371,65.393639
14.75,18,18,23.777778,8398.9452,3066.6688,1048.2754,4283.8948,7562.7847,2802.2857,1006.9731,3753.526,83.478532,14.814407,-1.1170321,4.9991759,155.53776,259.39558,141.28318,210.07526,1.7578125,0.87890625,1.171875,0.87890625,0.1888053,0.42287537,0.46960126,0.37732955,13,17,16,29,17,14,14,9,53.207847,31.001231,21.678236,61.27742,90.182791,43.057265,30.108661,57.268617
16.214286,19.416667,17.142857,21.090909,6434.9444,2433.9658,995.1977,3005.8312,8094.5237,3519.1932,1350.9568,3224.3737,76.926679,5.9575039,0.90949588,15.07688,258.62321,366.60624,225.01785,216.56992,1.6601563,0.87890625,0.87890625,0.87890625,0.26117908,0.54121818,0.57840267,0.45340813,16,20,15,26,15,13,15,11,56.379463,34.092578,18.892705,47.186249,86.928687,43.896023,27.551861,50.847251
