15.2,16.5,30.571429,26.222222,11514.09,2760.8669,5580.0844,3173.1343,12544.25,3112.4494,5786.4413,3645.3597,103.07263,-2.252376,11.432791,-1.70912,192.99097,259.50545,296.14166,239.47212,1.6601563,0.87890625,0.78125,0.78125,0.2059867,0.49184335,0.32358832,0.41118335,15.5,18,30,26.5,16,15,8,10,69.855968,33.241297,83.778899,54.928099,114.89468,50.365601,68.510782,52.367891
15.125,17.214286,30.285714,30.285714,13074.05,2865.4829,6337.2797,3871.2843,12480.143,2753.3174,6060.3237,3666.5022,105.88027,-2.0204241,9.5893837,-0.95832729,169.61331,242.0358,269.23523,227.38621,1.6601563,0.87890625,0.78125,0.87890625,0.14926821,0.45126407,0.3130702,0.38069588,15,15,30,30.5,17,15,8,8,68.256715,32.130555,87.691456,66.591609,112.82102,46.662632,72.386815,54.969489
15.2,16.230769,30.142857,30.125,12061.02,2990.4956,5299.6146,3770.883,12357.529,3297.8341,5253.3616,3806.3334,109.51859,-1.458856,19.862415,7.3675283,175.66926,257.30801,265.64608,227.38621,1.6601563,0.87890625,0.87890625,0.87890625,0.16993847,0.45307857,0.35000039,0.38815951,15.5,14.5,29.5,30,16,14,8,9,68.394583,32.89895,80.317155,69.283968,112.49109,50.673738,66.613754,57.497069
14.8125,16.285714,30.285714,29.125,11715.186,3643.7196,4635.164,3436.2993,11210.193,3099.2342,4765.4747,3345.4844,107.19782,1.8922399,25.099647,15.711696,173.32658,257.30801,237.00611,200.17457,1.6601563,0.87890625,0.87890625,0.87890625,0.14848561,0.38544767,0.37155438,0.37257507,15,17,29.5,30,17,15,8,9,63.586781,31.032385,76.732425,63.752419,107.31946,47.637433,63.340445,54.723106
15.0625,15.933333,29.857143,29.714286,10866.792,2339.4784,5412.4755,3114.786,12175.849,2930.7827,5932.0984,3312.9674,107.36441,4.7183919,17.378088,9.168208,190.30947,249.93438,289.98883,219.02373,1.6601563,0.87890625,0.87890625,0.87890625,0.15627122,0.51276006,0.35238851,0.3823561,14,14,29,30,17,16,8,8,67.264056,30.516429,84.748715,64.235932,111.64159,47.881427,70.961843,54.044654
14.9375,13.8125,29.875,29.75,13152.028,2341.6703,6887.9722,3922.3596,10702.069,1987.0705,5424.2021,3290.7968,94.020343,1.3550879,21.785175,17.878616,187.36004,212.15063,289.98883,244.52623,1.6601563,0.87890625,0.87890625,0.87890625,0.1903603,0.54314493,0.29829416,0.33803421,15,14,29,30,17,17,9,9,63.225937,22.274471,80.692241,63.231692,105.81747,40.315784,67.524888,53.135875
14.6875,13.9375,28.375,28.375,7076.7443,1314.9981,3312.2185,2449.4719,8683.5034,1699.6072,4144.6717,2839.2245,81.120286,0.2441601,19.502279,19.172664,194.12879,212.15063,289.98883,244.52623,1.6601563,0.87890625,0.87890625,0.87890625,0.21648978,0.5452844,0.36772483,0.36335087,14,14,29,29,17,17,9,9,55.97492,19.587811,66.474344,57.078673,95.276459,35.135088,58.567704,50.28958
14.9375,14.5625,28.571429,28.714286,7190.8857,1646.7079,3038.444,2505.7385,7940.0441,1840.1069,3376.1994,2723.7378,78.756163,6.3176397,12.800088,12.54372,166.59181,209.75785,243.04907,224.81032,1.6601563,0.87890625,0.87890625,0.87890625,0.18399328,0.46068118,0.38271196,0.39405973,14,15,27,29.5,17,17,8,8,53.043336,22.226639,58.667836,55.21638,88.775457,38.15732,51.334356,48.073963
15.0625,15.2,30.125,30.375,11233.057,2803.7336,4633.4186,3795.9367,10378.156,2515.1062,4261.6451,3601.4043,94.22029,2.0021122,20.076056,16.865351,170.5909,226.0067,243.04907,232.92864,1.6601563,0.87890625,0.87890625,0.87890625,0.16882307,0.41126025,0.34925889,0.38150819,16,15.5,28,29,17,16,9,9,62.625321,28.007905,71.970017,67.726596,103.94244,46.065633,59.726155,55.742054
15.133333,16.642857,29.875,29.875,11611.955,2658.6515,4840.362,4112.9401,11046.2,2611.2515,4777.374,3657.5745,99.565703,1.8189919,18.055632,9.7419836,170.5909,218.10812,243.04907,232.92864,1.6601563,0.78125,0.78125,0.78125,0.18177082,0.39071146,0.31962685,0.3387902,15.5,17,30,30,16,15,9,9,65.339153,31.394164,77.089978,67.730071,107.93913,47.158616,64.510442,56.677883
16.714286,18.153846,29.428571,32.333333,8901.8314,2631.5038,3915.3993,2354.9221,12832.798,5174.9661,3965.2891,3692.5431,91.291686,-2.9909599,3.8027918,-0.0061044246,369.30799,422.47003,248.44501,238.8251,1.5625,0.78125,0.78125,0.78125,0.29310675,0.53716422,0.44018723,0.46960874,16,15.5,31,31,15,14,8,7,71.659347,36.934995,66.18871,61.976325,107.18278,50.86387,56.228273,47.919839
17.615385,17.25,26.25,26.25,17621.358,9942.6921,2897.1741,4781.4873,12242.033,5646.1081,3315.1211,3280.8043,87.940146,-5.00528,7.5018161,4.4437119,369.30799,463.51333,248.44501,237.68975,1.5625,0.68359375,0.87890625,0.68359375,0.30626163,0.54312503,0.48134879,0.49343957,19.5,15,24,32,14,13,9,9,73.637978,37.087695,50.419491,50.637578,104.50805,53.750283,48.018563,48.226264
16.5,17.384615,26.666667,25.777778,10009.583,2933.7069,4392.9417,2682.9501,13881.443,5797.0556,4278.4387,3805.9491,98.917001,-6.8731041,12.751256,7.7215594,359.54239,463.51333,247.41953,237.68975,1.5625,0.78125,0.78125,0.78125,0.28162102,0.58100521,0.31882623,0.50700311,18,15.5,26,25.5,15,14,10,10,70.529823,33.520173,61.806836,53.361149,106.86337,48.203789,57.943909,51.751115
15.2,16.357143,30.857143,25.555556,9729.2602,2100.1867,4689.5552,2939.5172,8835.0438,2013.5161,4243.401,2578.1267,87.827266,3.6929199,16.87756,5.2311282,169.9523,201.78603,247.41953,203.21436,1.6601563,0.78125,0.78125,0.78125,0.198539,0.3424057,0.27037126,0.34281466,16,15,29,23,16,15,8,10,58.187771,25.575511,74.373281,48.004287,95.703572,39.089208,60.256131,46.960716
15.6,15.285714,30.857143,26.875,7754.7704,2083.5347,3397.6667,2273.5642,8584.7106,2069.5951,3939.1257,2575.9898,86.181255,1.1658639,12.262935,4.3704637,150.47763,213.11505,224.09004,201.51745,1.6601563,0.78125,0.78125,0.78125,0.20906112,0.4182737,0.31216513,0.38932533,15,11,30,31,16,15,8,9,57.992485,24.460178,70.114393,47.28458,92.936674,40.004964,56.805643,43.985656
15.533333,15.333333,30.428571,30.714286,9728.9981,2418.187,4313.4338,2997.3618,9193.8507,2343.6376,3992.3131,2857.9001,88.895489,-0.9766403,15.522472,7.6483121,153.46873,232.5746,228.57038,216.31355,1.6601563,0.87890625,0.78125,0.78125,0.19759583,0.44262433,0.30618472,0.36178579,14,15.5,31,31,16,16,8,8,61.465622,26.538366,69.975573,59.583186,98.925357,43.269074,57.491668,48.497942
15.2,15.4,31,29.75,9296.6528,2190.0974,4089.0557,3017.5021,9284.9287,2314.9019,4089.3773,2880.6494,92.656459,1.7091198,13.556984,6.5434876,155.92449,223.2599,231.82992,216.31355,1.6601563,0.78125,0.78125,0.78125,0.19079424,0.3978304,0.3042307,0.35580595,15,16,30,31,16,16,8,9,60.332154,26.325515,72.810321,57.457336,99.230516,42.736226,58.718001,48.283476
15.266667,15.466667,31,30.857143,9000.8516,2283.2743,4167.453,2550.1183,9401.0309,2351.6121,4286.0132,2763.4057,93.956438,0.12818403,14.820512,7.404152,152.40844,220.13465,238.42223,197.47661,1.5625,0.78125,0.78125,0.78125,0.19467385,0.32278279,0.2610268,0.31494151,15,16,31,31,16,16,8,8,60.511309,26.807242,74.912688,60.094032,99.090571,43.330671,60.413458,48.687295
15.733333,15.6,31.142857,31.285714,11068.499,3040.2909,4914.741,3113.4661,10801.744,2793.8874,5039.8906,2967.9658,101.07176,2.3378321,18.147192,9.7236719,165.8405,238.27574,272.81217,214.64106,1.6601563,0.78125,0.78125,0.78125,0.19124689,0.35383163,0.27970386,0.34136686,15.5,15,31,31,16,16,8,8,66.350098,28.383408,80.788289,61.030839,105.42918,45.486231,64.852984,48.768936
15.666667,15.533333,31.285714,31,11549.459,2637.4639,5644.3168,3267.6907,10909.709,2562.1547,5252.6968,3094.8572,102.34226,3.5830479,19.068896,7.8375361,164.52888,236.94507,280.60088,222.71054,1.5625,0.78125,0.78125,0.78125,0.18537891,0.36036439,0.23021589,0.32365397,15.5,15,31,31,16,16,8,8,66.615098,27.213242,83.960591,62.536222,106.30069,43.798136,67.091797,50.432437
15.125,15.642857,30.125,29.75,9797.5766,1962.9102,4959.0914,2875.5604,10347.184,2131.8587,5129.9737,3085.3519,97.076945,-1.0926159,20.02112,3.5525279,170.57379,210.23396,280.60088,222.71054,1.6601563,0.78125,0.78125,0.78125,0.19148428,0.40320289,0.29232438,0.36248981,15,15,30,31,17,15,9,9,62.260082,25.16953,79.108884,59.505831,102.90923,40.225277,65.650526,50.0049
15.333333,16.642857,30.857143,26.444444,9517.1251,2140.244,4474.8573,2901.9824,9363.1292,2139.4072,4603.7843,2619.9377,93.682316,-3.320576,20.863472,5.3837281,149.98012,191.22611,236.35908,199.84496,1.5625,0.78125,0.78125,0.78125,0.18376625,0.31781265,0.24836299,0.32822274,15.5,18,31,22.5,16,15,8,10,61.222194,27.061776,77.372321,48.73893,99.818795,40.650736,62.685908,46.07672
15.333333,16.785714,31.142857,25.444444,9695.3633,2178.8583,4918.7139,2597.7804,9779.7171,1990.0432,4929.3628,2860.3111,90.868693,-1.6236638,21.650888,0.84235191,177.11287,191.22611,270.95656,224.71265,1.6601563,0.78125,0.78125,0.78125,0.19869324,0.40653374,0.28125373,0.40010142,15.5,16,30,30.5,16,15,8,10,62.282764,25.249865,80.974717,46.866364,101.54798,37.606182,65.00264,46.047738
