14.1875,24.222222,27.875,28.375,13721.945,3565.335,2641.4276,7515.2137,12483.611,3614.7542,2300.2748,6568.5823,111.15648,-2.630824,13.544776,12.23852,165.52087,259.5787,187.77124,273.06854,1.7578125,0.87890625,0.87890625,0.87890625,0.19375273,0.30772614,0.22645878,0.17055277,14,17.5,28,28,17,10,9,9,65.801247,54.819718,50.259082,88.530708,115.94933,56.579984,45.075409,78.000624
13.764706,22.2,27,27.571429,14432.625,4301.4721,2638.3878,7492.7621,14691.527,4106.9586,2760.9931,7823.5749,123.46337,3.149664,14.033096,2.6613441,168.06957,259.5787,187.77124,289.35401,1.8554688,0.87890625,0.87890625,0.87890625,0.17941217,0.32904717,0.27019279,0.21252807,14,27,28,27.5,17,11,10,8,68.793271,54.628729,52.078034,93.695615,123.95184,61.518839,48.220402,84.957164
14.117647,22.363636,27.875,27.875,15239.159,3866.2104,3047.9259,8325.0646,15677.414,4226.5455,3129.2677,8321.6008,128.55448,2.47212,13.477632,3.3327837,200.76605,295.97075,242.60958,326.30762,1.7578125,0.87890625,0.87890625,0.87890625,0.17851346,0.28058646,0.27853661,0.1847717,14,25,28,28,18,12,9,9,72.276208,53.186543,56.711188,98.17211,127.98912,59.456501,50.862052,88.046735
14.375,25.222222,28.375,28.375,17123.365,3946.9169,4200.3392,8976.2146,15638.008,3821.041,3645.451,8171.5164,128.1589,2.47212,9.333016,-0.085455668,201.97115,295.97075,254.76875,326.30762,1.7578125,0.87890625,0.87890625,0.87890625,0.16789019,0.23480062,0.17963423,0.12027198,14,26,28,29,17,10,9,9,73.095971,56.236895,62.231532,97.041732,127.12343,55.741416,54.829544,85.499324
14.3125,23,24,28.625,14576.899,3704.0526,3572.5237,7300.3248,15449.039,3682.5633,4144.8044,7621.6715,120.49526,-0.45779939,15.907024,7.4041516,201.97115,295.97075,265.89023,326.30762,1.7578125,0.87890625,0.87890625,0.87890625,0.17904156,0.31703156,0.23030137,0.17543742,14,29,28,29,17,11,11,9,72.193613,46.963859,54.441455,94.901171,126.10238,51.047673,56.709849,82.883119
14.1875,22.9,22.6,28.375,13490.664,3039.1618,4366.1321,6085.4171,14044.534,3721.451,3756.2802,6566.8033,118.38096,5.395936,13.697376,2.6064082,185.37023,271.44487,256.70982,279.74631,1.7578125,0.87890625,0.87890625,0.87890625,0.16337019,0.33056005,0.17387706,0.14646662,14,26,20,28,17,11,11,9,68.512734,46.985051,49.105472,85.986604,120.72728,51.293724,54.320212,75.759123
14.294118,21.909091,25.222222,28.375,15069.535,5162.9069,2986.177,6920.4327,14728.025,4221.3072,3603.2722,6903.446,117.91539,8.9179442,17.481856,12.256832,204.46883,282.76169,240.93709,332.17968,1.7578125,0.87890625,0.87890625,0.87890625,0.16094858,0.32123889,0.20997555,0.15303844,14,20.5,22.5,28,18,12,10,9,70.88111,49.964644,53.342135,87.784718,123.96902,57.013598,52.87216,77.343364
14.176471,21.909091,28,28,15758.845,4443.9507,3818.5828,7496.2719,16216.123,4757.2123,3955.5106,7503.4001,125.11227,9.6748398,17.011848,6.0429604,198.77711,289.04882,251.50921,332.17968,1.7578125,0.87890625,0.87890625,0.87890625,0.14625569,0.30546197,0.18174476,0.11465445,14.5,26,27,28,18,12,9,9,73.899663,52.965896,62.833116,91.501216,130.32098,60.438263,56.100997,81.697514
14.352941,19,28.25,28.375,16940.891,3882.5641,5633.6091,7424.6745,16950.913,4361.205,4922.4678,7667.2398,129.46168,6.3908872,18.12888,9.8701679,190.66822,294.74995,291.4782,318.32359,1.7578125,0.87890625,0.87890625,0.87890625,0.14226964,0.32858902,0.16791899,0.10989301,14.5,15,29,28,18,13,9,9,76.499945,44.178543,72.869562,93.518224,133.24785,58.129662,64.486338,82.394911
14.235294,20.636364,28.125,25.333333,17989.719,5311.4499,4405.0821,8273.1734,17197.152,4797.7175,4558.1386,7841.2962,130.84928,4.7367042,16.370928,2.2890001,185.68385,296.94739,291.4782,318.32359,1.7578125,0.87890625,0.87890625,0.87890625,0.14919568,0.3197692,0.20490285,0.11187994,14,15.5,29,29,18,12,9,9,76.271849,50.089679,67.853141,93.824526,133.9485,60.681329,60.313903,82.302216
14.75,24.888889,28.625,25.222222,14628.543,5241.5624,2626.8995,6760.053,15114.283,5530.6458,2968.4871,6615.1499,122.00771,19.020064,15.217272,3.4548636,184.40052,314.3682,217.52214,307.78809,1.7578125,0.87890625,0.87890625,0.87890625,0.16735024,0.33719796,0.19101505,0.14209367,14,21.5,30,28.5,17,10,9,10,72.964042,64.703921,55.87995,78.007724,123.66787,64.992778,48.80345,77.320431
16,19.583333,26.625,23.666667,11875.014,5183.0004,2910.1528,3781.8539,13338.635,4771.6066,2854.7083,5712.3197,106.46652,34.042008,7.0195999,-17.359776,182.956,317.81086,227.94777,313.83105,1.7578125,0.9765625,0.87890625,0.78125,0.18490322,0.58735758,0.47543053,0.44058581,15,18,27,28,16,13,9,10,75.372106,49.170841,47.908412,60.583301,117.76891,62.771287,44.984425,63.996445
16.2,20.363636,24,27,14692.988,4867.9585,2873.8662,6951.1708,13389.945,5209.6497,2866.8739,5313.4215,111.73706,20.814639,12.317872,-12.214104,191.25589,331.37394,219.65854,298.63209,1.7578125,0.9765625,0.87890625,0.87890625,0.17857438,0.56197619,0.46084766,0.39392335,15,16,27,28.5,16,12,11,10,76.317086,52.72532,44.692081,69.218651,117.77328,64.729746,46.554251,64.091344
14.625,23.5,23.777778,29,12613.174,5059.7429,2725.1812,4828.2291,13133.511,4765.8286,2921.0477,5446.635,111.8612,5.7865915,16.987432,-1.1597598,188.35424,331.37394,218.27904,282.06583,1.7578125,0.87890625,0.87890625,0.87890625,0.185825,0.37416867,0.31763062,0.25169062,15,15,29,29,17,11,10,8,66.674027,54.946887,46.32369,77.565479,113.9727,58.454136,48.704814,66.866792
14.733333,20.166667,21.363636,25.888889,10801.735,3211.0816,3416.4969,4174.1538,10705.161,3323.8103,3043.98,4337.3712,100.45865,-0.036624146,14.948696,0.48221614,165.17154,264.27878,220.57414,234.711,1.7578125,0.87890625,0.87890625,0.87890625,0.18441671,0.41528892,0.26290948,0.25003101,15.5,16,21.5,25,16,13,12,10,61.039877,38.751537,42.790764,63.523395,103.57445,48.039095,50.074298,61.342334
15.533333,18.083333,20.545455,22.9,9912.3715,2733.8728,2858.4471,4320.0522,11157.426,3120.0191,3271.4815,4765.925,101.52231,-6.1589362,13.996472,6.43972,169.24134,279.96606,222.42975,249.98321,1.7578125,0.87890625,0.87890625,0.87890625,0.19673879,0.41624496,0.28744834,0.26819278,15.5,15,21.5,27,16,13,12,11,66.009301,33.741069,42.524589,59.087868,106.23815,46.646639,51.744522,64.506406
15.533333,19.416667,29,25.5,13661.894,3881.6383,3607.2264,6172.9832,12016.048,3429.7825,3232.353,5353.9127,104.26122,-0.079352283,9.8579599,-0.7813123,169.32933,279.96606,204.81361,249.98321,1.7578125,0.87890625,0.87890625,0.87890625,0.19276224,0.32366977,0.21595672,0.21743028,15.5,16,28.5,28,16,13,8,9,68.739319,41.494372,62.04981,70.554651,110.63195,53.42623,53.491216,69.171226
14.625,18.166667,26,28.75,12836.09,3990.0465,3401.7344,5444.2118,14557.01,4465.7746,3535.7984,6555.4365,117.87935,-7.1844081,18.464599,17.970175,203.89084,322.71847,233.66112,287.01007,1.6601563,0.87890625,0.87890625,0.87890625,0.19773413,0.45004881,0.29494123,0.27268061,15,16,28,29,17,13,10,9,71.101635,42.617651,57.386019,86.376321,121.54126,58.648144,55.178865,75.109844
14.8125,18.307692,23,26.75,17520.094,6074.8179,3819.9716,7625.103,14467.572,4791.8761,3553.5855,6122.1109,114.72397,6.5679038,14.417647,4.9808643,236.11279,425.9249,252.22949,287.01007,1.6601563,0.87890625,0.87890625,0.87890625,0.19605612,0.48318533,0.34630401,0.32428939,15,15.5,17,29,17,14,10,9,72.367439,44.104474,49.730273,75.026369,122.13914,60.226697,54.054644,70.118102
14.866667,18.666667,26.444444,26.333333,11809.802,3752.2049,3125.6135,4931.978,13339.812,4118.9765,3424.3734,5796.4617,109.90516,-0.036623883,13.782831,9.1559995,236.11279,425.9249,231.73225,287.01007,1.6601563,0.87890625,0.87890625,0.87890625,0.21555789,0.47274733,0.38541628,0.37440819,14.5,16,23,29.5,16,13,10,10,67.670232,41.969494,55.413422,70.901409,113.79523,56.209144,52.386638,67.311465
14.9375,19.909091,29.571429,29.5,10981.019,2454.0246,3602.8647,4924.1141,10736.263,3173.5519,2989.805,4572.9059,102.47875,-5.2433359,12.586448,11.121488,169.94107,259.83507,211.74776,260.70184,1.6601563,0.87890625,0.87890625,0.87890625,0.18453955,0.45312929,0.31322569,0.28828673,14,16,29.5,30,17,12,8,9,62.651275,38.796426,59.76918,76.214137,104.85569,48.716974,50.5295,64.588251
15.6,18.307692,20.090909,30.571429,10859.728,4336.6329,2337.9822,4185.0292,9954.5368,3865.0921,2387.6869,3701.7578,90.653779,-0.6531275,5.3471039,4.8099521,234.09171,348.53839,205.03336,240.55864,1.6601563,0.87890625,0.87890625,0.87890625,0.2416008,0.42020717,0.35378922,0.30869231,15.5,15.5,17,29,16,14,12,8,61.180548,38.139078,29.182751,67.28186,98.045749,52.080674,36.313378,55.020212
16.071429,19.916667,18.384615,30,7264.2497,3931.0356,1171.3556,2161.8291,9391.9983,3892.2246,1999.0232,3500.7506,74.957831,-3.3816163,9.6687358,10.01056,237.16616,360.03833,219.26788,283.98249,1.5625,0.87890625,0.87890625,0.87890625,0.2795202,0.43932115,0.44244883,0.39963152,16,16,16,30,15,13,14,9,59.359472,40.519819,25.298027,60.33381,92.336957,50.861697,34.401082,50.278175
