24,14.375,24.4,27,11430.294,654.32843,1582.001,9193.9544,11690.663,560.21314,1679.276,9451.1734,103.61957,-3.7295439,3.3694075,29.073351,160.43661,108.51691,160.43753,326.25879,1.8554688,0.9765625,0.87890625,0.9765625,0.17796207,0.51957654,0.35236564,0.35886384,27,14,21,27,9,17,11,9,113.33988,12.073498,35.353675,98.951246,104.94433,20.997389,36.223027,91.621524
26.111111,14.4375,24.777778,27.125,12048.537,593.19907,2132.2632,9322.999,12136.25,755.43231,2180.3939,9200.4242,103.7363,-1.3062561,2.881088,25.941999,159.43833,152.27038,189.02867,317.90852,1.8554688,1.0742188,0.9765625,0.87890625,0.189477,0.61674433,0.33569499,0.33395017,27,14,24,27,10,17,10,9,113.39531,13.744891,40.015814,99.840282,108.56998,23.800677,40.3747,92.018693
26.875,14.352941,24.222222,27,12763.992,1007.075,2179.0272,9577.8603,11684.23,869.97759,1686.575,9127.6778,101.35777,-1.062096,-0.11597588,14.0392,155.98595,152.27038,186.44058,305.62727,1.8554688,0.9765625,0.9765625,0.9765625,0.167285,0.58206284,0.34649318,0.32916938,27,13,24,27,9,18,10,9,114.55413,14.901637,33.496234,98.670751,106.56198,25.95572,34.571801,91.361806
24.333333,15.333333,24.5,27.375,9497.9635,809.19615,888.82785,7799.9336,10455.111,876.29584,1382.5482,8196.2668,96.859578,-0.091559905,3.0031676,23.280656,151.62184,138.82937,186.44058,302.69736,1.8554688,0.9765625,0.87890625,0.9765625,0.18067722,0.51566982,0.41429864,0.34190939,27.5,14,21,27,10,16,11,9,97.362668,17.053545,31.407655,93.656018,100.03014,27.804694,32.048628,85.53061
23.5,14.176471,26.333333,27,10023.039,894.26603,1345.3003,7783.4769,9781.4589,831.70429,1292.6348,7657.1197,96.187244,1.1841759,4.3033201,22.481032,150.63061,116.41549,128.74557,282.71286,1.8554688,0.87890625,0.9765625,0.87890625,0.17729153,0.39825932,0.32092593,0.3257621,27,14,26.5,27,11,18,10,10,91.218772,15.709217,35.853152,88.467158,97.041247,27.702976,34.037802,81.914035
24.1,14.5625,24.444444,27,10090.105,810.95969,1495.7453,7783.4049,10287.635,814.42292,1366.9982,8106.214,96.866055,4.376568,3.2412242,15.192855,155.50508,124.53381,128.74557,294.23722,1.8554688,0.9765625,0.9765625,0.9765625,0.16961485,0.43262773,0.35244294,0.34419957,27,14,28,27,11,17,9,9,94.828469,15.954259,37.333632,90.268471,98.369781,27.389286,33.939666,83.581918
22.5,16.5,23.888889,26.875,10491.234,680.7515,1255.1898,8555.2376,10141.797,752.31985,1431.0757,7958.4014,93.821217,2.0936717,1.2024881,17.133928,159.39824,126.26734,135.06931,297.39909,1.8554688,0.9765625,0.9765625,0.9765625,0.19249027,0.45572711,0.37904547,0.30962059,15,14,25.5,27,11,15,10,9,92.015954,16.843046,32.237243,91.460533,102.23995,25.519766,33.736649,85.079566
19.333333,17.923077,26.555556,26.888889,10396.268,816.67028,1773.4602,7806.1247,10033.103,720.23227,1547.8024,7765.0679,94.080462,-0.7080637,3.6318802,21.901152,159.39824,121.67713,138.26781,297.39909,1.8554688,0.9765625,0.9765625,0.9765625,0.16753188,0.44980451,0.30867309,0.34638665,14,14.5,26.5,27,13,14,10,10,77.580306,17.422194,38.322076,87.998073,100.31936,24.301344,36.077268,81.81639
23.3,18.461538,25,26,8361.4525,720.8139,1439.0802,6201.5507,8827.1891,1409.7276,1519.4971,5897.9643,90.903694,4.2911119,5.4997036,7.2271356,140.66161,177.96822,138.26781,283.89704,1.8554688,0.87890625,0.87890625,0.9765625,0.18922896,0.56432102,0.32839828,0.32488432,27,14,27,27,11,14,10,10,86.096462,19.819371,36.871105,71.924352,92.378178,26.838731,36.871105,69.158031
21.090909,17.923077,22.777778,25.75,8446.2012,3527.8824,1318.1469,3600.179,8494.1188,2247.3632,1334.0814,4912.6743,89.61752,12.470472,9.9800396,-3.552528,151.97654,193.41134,151.01296,264.21774,1.8554688,0.9765625,0.87890625,0.9765625,0.19783521,0.49201316,0.41691973,0.35617727,20.5,14.5,22,27,12,14,10,9,78.120036,27.527687,29.795775,59.670761,92.599181,38.396989,32.70268,57.932778
21,16.5,21.727273,25.625,8663.9294,1694.0342,1389.5514,5580.3416,8606.1982,2264.3677,1351.6555,4990.175,88.770918,12.568136,12.94048,-2.142504,157.82499,193.41134,151.01296,265.96349,1.8554688,0.9765625,0.87890625,0.87890625,0.20093752,0.50181655,0.40077345,0.33160549,20.5,14,24,27,12,15,12,9,79.397935,24.925963,29.637403,61.482816,94.521351,37.766611,34.101615,59.983235
24.222222,14.8125,23.7,26.875,8651.6498,798.34905,1392.1942,6461.085,8828.2798,766.47432,1614.2435,6447.562,87.400682,-2.0265278,2.71628,9.8396478,156.00143,122.88572,155.33459,286.65604,1.8554688,0.9765625,0.9765625,0.9765625,0.20018645,0.4372415,0.35311856,0.33767288,27,14,27.5,27,10,17,10,9,88.534183,15.051712,39.317361,81.147434,91.377023,25.403733,37.326609,75.485985
26.888889,14.058824,23.6,26.888889,10581.179,660.83019,2186.7342,7733.6193,10050.172,801.5063,1910.7193,7337.9469,92.467443,-3.8516238,5.499704,22.835064,156.00143,122.88572,160.29104,293.80993,1.8554688,0.9765625,0.9765625,0.9765625,0.1772014,0.51671162,0.30709718,0.33757152,27,14,26.5,27,10,18,10,10,103.34048,14.291574,43.336299,85.817821,96.081022,25.413887,41.316387,79.789296
27,14.117647,27.75,27,10290.421,1077.7557,1868.3414,7344.3139,10172.644,980.15796,1674.3398,7518.1459,90.484359,0.43338373,3.802792,17.451335,153.63425,127.69568,160.29104,297.76533,1.8554688,0.87890625,0.87890625,0.9765625,0.19734801,0.37568893,0.32630449,0.34804798,27,14,27,27,10,18,9,9,104.6431,16.567073,42.150997,87.613699,96.89176,29.337525,37.973871,81.123796
27,14.9375,27.875,27,8786.4693,1251.3022,872.38711,6662.7392,9474.7831,1193.9167,1484.8341,6796.0323,88.651841,2.9238157,3.9004559,21.357895,152.36418,127.69568,159.85155,297.76533,1.8554688,0.9765625,0.87890625,0.9765625,0.19008171,0.41492317,0.46683811,0.36776628,27,14,27,27,9,17,9,9,100.55542,19.345056,36.199658,82.7384,93.10687,32.376662,32.466061,76.609629
28,15.785714,26.666667,26.875,10311.566,988.43794,2002.4227,7320.6688,9883.4704,1226.528,1835.3308,6821.6116,91.153702,2.3317279,9.3818475,27.120072,166.73887,156.17694,209.86773,305.59065,1.8554688,0.87890625,0.9765625,0.9765625,0.18219297,0.5127119,0.37455366,0.35782278,27,15,27,27,9,15,10,9,108.51179,19.486368,40.26449,83.84448,96.885529,30.860764,37.747959,77.994865
25.888889,16.214286,26.75,27,10809.479,1557.6178,2975.5599,6276.2646,10964.94,1207.7184,3057.2212,6700.0004,95.878488,0.98274426,8.6982004,19.947873,161.48669,156.17694,218.14475,305.59065,1.8554688,0.9765625,0.9765625,0.9765625,0.1879048,0.50869082,0.37386502,0.38324853,25,15,27,27,10,15,9,9,106.72352,20.205192,54.458301,82.899461,103.05919,31.153379,50.895608,76.75876
26.888889,16.2,27.25,27,11487.343,1014.3521,3546.0565,6926.9306,11461.869,1244.6604,3136.2552,7080.9538,101.15409,1.1597601,5.7377598,10.86512,153.61584,156.17694,218.14475,293.21174,1.8554688,0.9765625,0.9765625,0.9765625,0.16325748,0.52660263,0.35439077,0.36428658,27.5,13.5,27,27,10,16,9,9,112.0077,20.762401,55.387299,84.903465,104.13939,32.040742,50.814036,78.614319
25.875,14.3125,27.125,27,11593.501,945.22548,2373.0903,8275.1848,11749.62,887.79753,2912.8126,7949.0103,99.050201,-1.0926159,11.298504,21.998816,165.46062,124.99771,200.44315,301.09811,1.8554688,0.9765625,0.9765625,0.9765625,0.17922856,0.43786791,0.37737522,0.33476539,27,13,27,27,9,17,9,9,109.60583,16.431168,53.215131,92.143175,105.89935,28.700731,49.046204,85.317755
