15.466667,19.181818,18.076923,21.363636,36599.293,16119.758,3576.2202,16903.001,34603.664,15318.278,4466.3167,14819.069,162.45003,-11.17032,0.87287185,5.6828234,345.08647,560.33498,336.73326,489.29664,1.953125,0.9765625,1.171875,0.9765625,0.23828748,0.4797423,0.55616979,0.39842483,13.5,22.5,17,23,16,12,14,12,117.28091,87.497101,39.03356,93.202611,189.57043,114.03651,53.982582,109.06689
16.642857,18.75,18,21.272727,31999.981,14338.093,8762.5308,8899.2806,35327.904,15999.052,7116.4894,12212.363,147.34139,-15.284416,2.6125121,11.042135,503.69685,809.64676,435.23961,466.00377,1.6601563,0.9765625,0.9765625,0.9765625,0.30003571,0.4843956,0.5387194,0.39283807,14,21,15,20,15,13,14,12,119.58616,77.584621,46.143966,74.947557,179.63587,103.44616,64.088842,88.079394
15.6,19.333333,23.666667,23,43891.711,18608.203,8419.4904,16863.934,41542.701,16708.651,9075.3094,15758.74,178.89108,-19.087208,-2.9787519,-6.2504954,503.69685,809.64676,458.75221,477.50371,1.7578125,0.9765625,0.9765625,0.9765625,0.2769281,0.48609226,0.44263548,0.33989683,14,21,25,25,16,13,10,10,125.32675,87.782686,79.43174,98.311822,200.84416,113.51209,83.906767,106.86068
14.176471,18.615385,23.888889,26.875,44396.039,16040.733,7970.2335,20384.77,41602.029,14999.923,7644.5862,18957.52,197.45296,-10.028871,-16.670024,-25.734464,326.03144,535.67483,351.17532,477.50371,1.8554688,0.9765625,0.9765625,0.9765625,0.1550351,0.38878101,0.41039071,0.31420378,14,19,26.5,28,18,14,10,9,117.12988,84.678398,72.251345,140.26567,206.55684,113.72099,75.611873,130.47969
13.588235,15.571429,21.4,27,33799.611,11670.152,7309.177,14820.224,35849.379,12516.673,7323.5782,16009.128,179.53034,-20.991657,-14.960904,-19.343575,319.91747,465.06375,351.17532,477.50371,1.8554688,0.9765625,0.9765625,0.87890625,0.17042058,0.3998807,0.38701898,0.32971005,14,16,26,27,18,15,11,9,105.97,63.30183,63.653384,126.75447,194.96646,101.63138,74.36143,117.36525
14.117647,15.866667,24.1,26.777778,29564.578,9109.4833,6400.3,14054.768,30493.464,8890.2435,6444.905,15158.315,176.04537,-17.188864,-6.8120643,-7.1722,267.0207,373.77233,313.52585,390.8269,1.8554688,0.9765625,0.9765625,0.9765625,0.13680944,0.44004678,0.36580665,0.33940258,13.5,15.5,26,26,18,16,11,10,100.2576,54.62595,68.323,124.19046,177.5395,86.070299,70.874481,115.94545
15,17.692308,23.888889,26.5,31998.32,9045.3624,5080.8767,17872.12,31919.467,9233.4883,6160.4356,16525.543,173.72877,-5.1456718,-6.9951842,-22.24908,300.80569,402.20476,336.89196,425.71737,1.8554688,0.9765625,0.9765625,0.9765625,0.17161491,0.38552982,0.38480843,0.28606991,13.5,19,25.5,26,16,14,10,9,109.75793,62.253446,65.801577,132.35405,182.92988,87.966825,68.862115,124.86231
14.235294,16.2,26.75,25.444444,34036.679,8707.3121,8952.8856,16376.485,33087.938,8991.3954,7823.6874,16272.856,180.89456,-6.329848,-11.786824,-30.93507,300.80569,402.20476,336.89196,425.71737,1.8554688,0.9765625,0.9765625,0.9765625,0.14625039,0.3954472,0.33368516,0.32178901,13,18,27,26,18,16,9,9,104.38996,54.691388,87.053988,129.7793,183.32948,84.400289,81.358867,120.16602
13.470588,14.666667,27,21.6,29764.141,7936.3731,8728.637,13099.123,29409.948,7634.9294,8801.554,12973.465,163.65544,-23.067016,-5.0846318,-2.2828959,275.31783,359.67209,345.30327,437.48589,1.8554688,0.9765625,0.9765625,0.9765625,0.15336636,0.45601718,0.36557571,0.32616241,13.5,13.5,26,26,18,16,9,11,95.725935,46.530044,93.793126,94.372083,177.6573,79.312576,86.845487,109.22695
14,17,22.4,20.545455,31219.925,10068.727,9694.9637,11456.233,31695.337,10232.124,8851.9628,12611.25,166.43266,-24.678471,-16.126768,6.7449196,322.06507,436.47262,382.75742,423.27577,1.7578125,0.87890625,0.87890625,0.87890625,0.18110424,0.51633674,0.40543851,0.28711982,14,18,18,22.5,18,15,11,12,101.09307,58.778807,81.041199,85.839066,180.52335,86.439422,90.447767,104.45019
14.0625,18.416667,20.272727,25,34365.619,11553.034,7949.3802,14863.088,34684.151,11695.516,8545.2635,14443.372,170.45759,-26.131224,-14.490896,-1.0926158,322.06507,503.82417,382.75742,448.32659,1.953125,0.87890625,0.87890625,0.87890625,0.20279064,0.54266759,0.4934529,0.32784118,14,19,19,25,17,13,12,10,106.7476,68.827764,71.531322,110.02032,189.77352,93.431353,88.211272,110.02032
13.555556,14.125,23.6,24,37241.01,13009.087,8419.271,15812.645,36140.904,11696.258,9103.2974,15341.348,181.42183,-24.440415,-10.901745,-21.742448,319.28676,501.79763,380.38907,425.27788,1.8554688,0.9765625,0.9765625,0.9765625,0.13448354,0.44292905,0.35498232,0.31531621,13,13,27,27.5,19,17,11,10,105.52808,53.354212,84.187702,125.28802,194.62146,94.432233,89.181887,117.45752
14.1875,14.4375,26.875,23.666667,34115.876,9614.4822,11031.999,13469.226,34162.545,9905.2155,8951.7334,15305.596,181.1358,-16.431968,-12.311768,-23.036496,324.67858,526.55545,380.38907,422.5555,1.8554688,0.9765625,0.9765625,0.9765625,0.17531729,0.50560241,0.30308333,0.34617745,13,14,27,27,17,17,9,9,107.56061,50.050649,98.687455,124.39265,189.53411,86.66779,91.802283,116.80061
14.9375,15.933333,23.444444,26.875,34480.281,10185.203,5872.7175,18422.617,38618.989,11548.971,7424.0638,19645.954,192.3884,-0.25636816,-8.081695,-39.492879,402.12752,502.29815,383.77069,567.14704,1.8554688,0.9765625,0.9765625,0.9765625,0.16333384,0.47528384,0.43751454,0.36053601,14,14,24.5,27,17,16,10,9,116.68545,55.567553,66.241318,140.48751,195.28945,87.187584,70.636476,130.68606
14.3125,17.615385,21.4,26.75,50226.639,16593.268,6923.713,26709.872,41882.967,12846.842,7274.9883,21761.137,195.6953,0.84235319,-4.1018879,-22.902207,402.12752,541.11959,390.82691,567.14704,1.8554688,0.9765625,0.9765625,0.9765625,0.19437163,0.37721736,0.45594712,0.2705593,13,16.5,24,26,17,14,11,9,119.98679,67.546009,59.919203,152.94187,209.58391,95.86224,69.999069,142.93633
14,15.2,24.1,26.444444,38656.348,8718.2153,11392.609,18545.505,41002.291,11147.173,9661.3724,20193.745,189.03211,-14.075823,-4.6146241,-17.701599,378.04022,541.11959,419.58895,567.14704,1.8554688,0.9765625,0.9765625,0.9765625,0.17803197,0.47760526,0.34712927,0.31028475,13.5,16.5,26,26.5,18,16,11,10,114.66523,53.166966,85.597217,139.99517,204.75934,87.445667,88.793794,132.34837
13.529412,14.375,26,27,30899.846,8937.7399,8421.6274,13540.448,33786.317,9426.0777,9794.7343,14565.505,172.1335,-14.246735,-22.774023,-19.447344,300.61659,417.13515,381.73194,409.68826,1.8554688,0.9765625,0.87890625,0.87890625,0.16059339,0.43644832,0.35930604,0.32158981,14,17,28,27,18,17,10,9,102.30953,50.738282,95.468031,122.48743,189.05022,88.24049,91.796184,113.41429
13.647059,14.4375,27.25,27.125,40792.356,11435.599,11607.426,17749.023,37534.755,10056.236,10414.696,17063.822,184.86904,-15.766634,-22.688568,-17.585623,371.96385,424.13033,446.65409,535.34521,1.8554688,0.9765625,0.9765625,0.87890625,0.15508165,0.43989633,0.35108939,0.31669158,13.5,18,27,27,18,17,9,9,109.26841,53.157643,103.11563,132.73695,200.16841,92.047867,94.601497,122.3382
13.588235,14.4375,27.25,27.125,37525.555,9014.1757,10973.121,17538.232,36981.661,9147.9253,11543.952,16289.784,181.21749,-15.052466,-17.469648,-3.1679762,381.67144,424.13033,446.65409,535.34521,1.8554688,0.9765625,0.9765625,0.87890625,0.15361289,0.47403301,0.37535378,0.31188384,13.5,15,27,27,18,17,9,9,106.47051,49.801592,107.19288,127.12626,195.88729,86.236522,98.34209,117.16706
