17.923077,16.428571,17.5,22,8107.3869,4734.4815,1320.5708,2052.6403,8577.91,4856.6496,1248.6024,2472.658,57.747155,-6.6167352,-3.6685039,-0.97663959,287.49105,392.97551,205.75363,304.21115,1.0742188,1.2695313,1.0742188,0.87890625,0.35676244,0.62776406,0.5867059,0.48591811,16.5,19,16,25.5,14,15,15,12,59.533654,31.839369,19.654489,30.936416,83.040505,48.451213,28.077841,35.155018
19.25,16.357143,18.153846,23.666667,8011.251,2161.3609,1120.4174,4729.4473,8530.3481,3064.0755,1028.8716,4437.401,70.390983,-2.6491362,0.60429603,4.510856,251.2137,357.52348,205.75363,304.21115,1.0742188,1.171875,1.0742188,0.9765625,0.30121495,0.62084989,0.59502853,0.53940499,17,15,15.5,25,13,15,14,10,66.241351,29.19321,18.031226,50.690182,86.027729,44.618443,24.831137,53.545967
21,16.071429,19.833333,23,7284.1887,1505.618,388.5138,5390.0452,6733.0299,1546.6401,532.01976,4654.3701,65.775707,-2.6430319,0.75689614,16.505216,157.76705,182.81479,131.41912,270.72461,1.7578125,0.87890625,0.9765625,0.87890625,0.2624355,0.46323671,0.5918012,0.45994499,20,15,16,25,12,15,13,11,66.914518,23.212752,15.672871,57.978495,79.660141,36.108725,19.75572,63.020104
20.545455,13.9375,20.909091,25.111111,4759.6677,841.08001,370.90661,3547.6537,4804.1217,801.61963,338.56232,3663.9398,54.240558,-2.3073119,5.2860639,6.1345199,155.21734,145.97105,74.249054,268.5882,1.7578125,0.87890625,0.87890625,0.87890625,0.25725019,0.38233546,0.29950596,0.26394356,20.5,13,17.5,28.5,12,17,12,10,50.441156,14.181951,14.159935,49.70436,61.377513,25.438477,16.930357,49.484429
18.153846,15.4,24.888889,20.727273,2195.3788,375.71063,228.84272,1590.8243,2959.5475,520.18109,307.32176,2132.0446,46.629297,-1.12924,4.0347439,9.2902879,106.76986,107.30832,68.889743,201.56629,1.953125,0.87890625,0.87890625,0.87890625,0.26286374,0.39755377,0.29593181,0.33473188,17.5,20,27,16,14,16,10,12,37.942238,12.983946,16.857079,32.587389,52.250964,21.077834,16.932334,39.304965
16.923077,16.428571,26.777778,20.727273,2927.9172,607.30636,349.05144,1971.5631,2980.5505,535.34478,288.2925,2156.9132,44.490468,1.3428799,2.4049757,8.9911922,111.89264,107.18624,68.413632,213.85974,1.953125,0.87890625,0.87890625,0.87890625,0.23445911,0.41010689,0.27796521,0.27290963,17,18,29.5,16,14,15,10,12,34.950153,13.729708,17.065287,32.390567,51.630908,20.893033,15.932322,39.06757
20,17.214286,26,26.888889,4336.0773,707.61488,326.27801,3302.1884,4471.285,891.02408,403.45792,3176.803,49.901581,-2.7468001,4.2789038,7.8985759,159.23662,194.15603,91.389087,244.75818,1.2695313,0.87890625,0.87890625,0.87890625,0.28733356,0.47342966,0.28645924,0.46559814,20,18,28.5,28,13,15,10,10,50.610448,17.105954,19.858894,54.769617,63.26306,24.842672,19.09509,50.922165
17.230769,17.153846,23.666667,22.2,5851.4973,2099.901,500.57661,3251.0117,5288.9079,2179.4373,391.36999,2718.1006,47.186012,-0.48221579,2.6247198,-2.5941999,188.81604,323.13354,103.60929,287.03449,1.171875,1.171875,0.9765625,0.87890625,0.33405975,0.61001245,0.55921666,0.53329289,15,15.5,18.5,24,14,14,10,11,43.311756,25.456387,16.713077,32.004938,62.840717,37.100116,17.654659,36.041596
17.285714,15.533333,18.666667,23.4,6992.9925,3325.8457,695.85621,2971.2823,6196.785,2567.5364,570.43244,3058.8162,49.589102,-3.3755118,1.1353441,-1.324568,192.84577,323.13354,141.71046,300.03601,0.9765625,1.171875,0.9765625,0.87890625,0.34089318,0.61053353,0.54092219,0.50695823,16,14,16,24,15,16,13,11,47.892761,25.23741,14.62674,37.936963,69.26639,40.618148,19.589385,40.530943
18.384615,16.133333,21.272727,23.777778,4978.431,1510.3342,622.29931,2845.7952,5290.6426,1542.2805,735.05845,3013.3037,52.481954,-4.413192,0.67144006,6.9280402,191.1103,211.46697,180.65398,264.41307,1.3671875,0.87890625,0.87890625,0.87890625,0.30256498,0.59678867,0.55445764,0.49012789,18.5,14.5,16.5,26,14,16,12,10,50.204704,21.78504,19.103872,43.801182,68.269995,33.75781,22.451132,46.052645
19,18.25,20.090909,21.727273,3513.9672,606.09403,659.02362,2248.8506,3850.0722,1132.5375,565.74436,2151.7904,48.755936,2.0082156,-0.19532807,3.8699359,167.14437,191.84872,142.67489,200.41873,2.34375,0.87890625,1.0742188,0.9765625,0.28279829,0.61636936,0.55468867,0.46547585,19,18,19.5,17,13,13,12,12,43.581954,18.024025,16.520792,34.605936,57.344677,24.690445,20.557547,39.818546
17.692308,18.083333,17.285714,17.846154,5525.5672,3578.6861,453.06377,1493.8249,5268.9682,2949.8244,529.19725,1789.9465,60.505528,14.692327,7.3614237,-2.83836,171.37515,251.81441,99.263248,202.38422,1.953125,0.9765625,1.0742188,1.171875,0.28258542,0.55558026,0.60236886,0.48828592,18,18,15,16,14,13,15,14,50.286329,33.527759,14.714732,27.255482,71.056769,46.351741,21.281637,38.181171
15.533333,17,15.2,19.416667,6433.0752,4085.9527,524.56294,1822.557,5940.786,3629.1329,420.31511,1891.338,66.365557,30.550519,3.3266798,8.2648157,168.76117,251.81441,90.937392,199.0026,1.7578125,1.171875,1.0742188,0.9765625,0.24918344,0.48421194,0.62167907,0.59168666,16,17,15,19,16,15,16,13,50.089222,39.340255,11.673536,30.71058,80.615701,57.853316,19.199895,39.541519
15.3125,16.4,15.4375,18.615385,4935.088,2296.0382,403.04752,2235.9685,7746.2831,5375.1598,583.86806,1787.2553,68.006323,9.0461279,1.6602879,11.591496,301.98286,427.81714,139.64731,199.0026,1.6601563,1.0742188,1.2695313,0.9765625,0.31591979,0.56213273,0.60003162,0.56652054,15,15,15,19,17,16,17,14,52.357407,38.041607,12.529362,25.673701,85.481482,57.990254,20.290465,34.479143
16.214286,17.538462,16.142857,18.333333,12761.154,10261.442,849.93307,1649.7577,11366.67,5778.1194,733.4309,4855.1193,69.885825,12.17748,1.8922399,8.5150797,320.3175,474.17092,134.47112,441.01399,1.171875,0.87890625,1.2695313,0.9765625,0.35711609,0.56296055,0.6126118,0.52946655,15,15.5,16,18,15,14,15,13,63.475694,43.543446,15.470408,29.407036,97.870013,62.068508,23.958596,40.100503
16.571429,18.230769,16,19.75,15257.615,4703.3582,893.06523,9661.2062,13462.754,6308.5382,990.14499,6164.0704,76.150224,3.8394161,2.7467999,9.2475599,319.0144,474.17092,168.65352,541.55908,0.87890625,0.9765625,1.171875,0.9765625,0.34371814,0.61873948,0.59067501,0.52512839,15,18.5,19,18,15,14,16,13,69.117401,44.087165,17.872802,35.509853,104.27194,60.457083,27.926252,44.94918
18.769231,17.846154,16.071429,18.076923,9052.3444,2712.9354,1173.8496,5165.5442,9943.3507,2837.8765,859.45545,6246.0187,58.884289,3.668504,2.2645838,3.0642079,322.82131,315.65005,168.65352,541.55908,0.87890625,1.4648438,1.171875,0.87890625,0.36900038,0.63770093,0.57056886,0.53498757,19,17.5,19,15.5,14,14,15,14,67.260748,32.840556,16.60963,36.460617,89.589111,46.005089,25.837202,50.424257
20.909091,18.333333,19.166667,21.272727,3712.6457,1180.2178,316.66589,2215.7755,5296.223,1419.6899,631.86307,3244.6701,52.040372,-1.2269042,-1.8739281,3.5159037,233.74125,255.0007,164.25864,301.17135,1.5625,1.5625,1.0742188,0.9765625,0.34898916,0.64972394,0.59466632,0.57671881,21,19,16,16,12,13,13,12,54.353851,21.655037,16.00027,40.272252,64.9883,29.529596,20.869918,47.328501
18.5,17.357143,25.666667,21,4309.4969,932.43399,687.16702,2689.8969,3703.2106,938.88327,516.74076,2247.5866,53.409781,1.428336,5.2860637,8.6005363,112.38942,179.90929,100.75262,205.717,2.6367188,1.171875,0.87890625,0.87890625,0.22085844,0.54259819,0.34416255,0.33528129,18,14,27.5,16,13,15,10,12,43.970833,17.014245,23.694751,35.780771,59.420044,24.506115,23.079303,42.596156
18.666667,15.4,24.1,21.090909,3041.9682,568.19223,487.48403,1986.2913,3395.5865,701.32847,560.20497,2134.0531,52.788533,1.5687279,3.6685038,4.2789037,112.38942,159.4731,100.75262,205.717,2.5390625,1.3671875,0.87890625,1.0742188,0.22016781,0.57149591,0.40853576,0.43765753,18,14,26,16,13,16,11,12,41.776169,13.418617,21.520098,34.445477,55.950226,21.783469,22.323753,40.829768
18.153846,15.0625,23.1,20.181818,2314.5281,468.92383,425.39524,1420.2076,2584.0203,524.33573,448.29141,1611.3931,43.822779,0.56767191,4.571896,7.1050558,87.0992,151.67219,82.831279,163.33083,2.5390625,0.87890625,0.87890625,1.5625,0.22366192,0.5464803,0.42717908,0.46691976,17.5,14,27,16.5,14,17,10,12,37.359157,11.900235,19.889134,31.186528,51.447992,19.751427,19.372533,38.63196
17.769231,15.466667,25.375,20.3,2728.7039,545.69802,466.76806,1716.213,2396.3134,520.27487,422.68569,1453.3528,44.171521,1.5321036,0.52494404,2.1302962,94.562414,139.59848,74.835038,168.4704,2.5390625,1.6601563,0.87890625,1.0742188,0.22934809,0.56258748,0.3568088,0.38133799,17.5,17.5,25,16,14,16,9,11,35.136199,12.173861,20.320314,28.100842,49.434046,19.677578,20.020014,34.606948
19.083333,15.666667,25,18.666667,2262.4987,518.98064,417.09661,1326.4152,2465.6562,546.00293,448.4835,1471.1698,43.738874,1.5870395,1.7457438,3.241224,94.562414,131.60224,83.478302,168.4704,2.5390625,2.4414063,0.87890625,1.3671875,0.23078422,0.54620962,0.39581374,0.44433389,19,17.5,27,15,13,16,10,13,38.402357,12.989058,20.629266,25.970805,50.308765,20.727221,20.629266,34.782328
18.230769,14.875,20.583333,16.928571,2267.3769,568.81882,443.25226,1255.2964,2628.4882,928.65422,367.70039,1332.1335,43.471924,1.3550881,-1.64808,3.0458959,163.02149,245.24651,83.478302,144.54272,2.5390625,1.7578125,0.87890625,1.6601563,0.26571019,0.62717863,0.40776567,0.42547902,18,11,15,15,14,17,13,15,37.491558,15.054081,14.470512,22.505622,51.412474,25.300977,17.575521,33.236151
16.714286,15,18.076923,15.6,3293.1925,1511.9466,253.08412,1528.1417,3216.5537,972.13862,433.38699,1811.0281,46.121923,1.7518476,1.0376802,3.4853839,156.9227,245.24651,97.908158,207.9999,2.4414063,1.7578125,0.9765625,1.6601563,0.28536513,0.61622246,0.50486707,0.46349902,17,14,15,15,15,16,14,16,37.482247,15.436296,13.204179,22.950643,56.06319,25.727161,18.261099,36.779877
16.066667,15.666667,19.5,17.692308,4041.4292,707.4082,693.22949,2640.7777,5274.9857,2796.4638,471.95391,2006.568,52.4722,4.8465755,2.0265281,-1.843408,244.06722,414.24185,97.908158,207.9999,1.5625,1.4648438,0.87890625,1.0742188,0.3442105,0.65397974,0.50366224,0.41454667,17,17.5,17,14.5,16,16,13,14,45.131134,22.652778,14.884783,28.210728,70.224793,36.148049,19.083055,39.862985
