14.5625,14.533333,23.4,27.222222,8849.8587,2402.2287,1117.6264,5330.0005,8569.5303,2346.0804,1169.8655,5053.5844,89.119389,-8.1732556,6.7388159,32.894455,134.95934,209.13524,134.65424,264.80372,1.8554688,0.9765625,0.9765625,0.9765625,0.14486921,0.41221721,0.38865505,0.34297953,14,16,26,27.5,17,16,11,10,56.034116,26.263748,30.37195,73.774019,96.195907,45.178466,32.448664,67.75165
14.294118,15.1875,24.3,27,7911.8985,1830.1181,1066.4744,5015.3017,8145.8872,2016.9777,1096.7584,5032.1512,85.230691,-2.4171837,4.5535838,34.493704,123.88301,185.35406,123.32521,264.68164,1.8554688,0.9765625,0.9765625,0.9765625,0.1457224,0.44711374,0.41686265,0.37751075,14.5,19,26.5,27,18,17,10,10,53.389641,25.070424,32.359896,73.226692,93.376944,41.268188,29.962867,67.802493
14.235294,14.117647,27,26.875,8622.9751,2082.766,1409.5506,5130.6356,8943.4952,2023.4863,1405.1404,5514.8684,89.543494,1.6236645,2.9787515,23.189096,145.17068,184.84132,142.43074,258.6509,1.8554688,0.9765625,0.9765625,0.9765625,0.15114538,0.44313021,0.38420625,0.35876256,13.5,13.5,26,27,18,18,9,9,55.568948,23.391337,36.947321,76.381057,97.590095,41.42216,34.210483,71.052146
13.588235,14.235294,26.875,27,9840.1605,2414.9537,1419.7497,6005.4754,9552.4401,2470.9187,1235.6218,5845.8996,96.903292,-7.9535124,2.6003037,23.750664,155.43212,187.53929,142.43074,267.68481,1.8554688,0.9765625,0.9765625,0.9765625,0.16075748,0.40176822,0.34604314,0.34339387,13,13.5,28,27,18,18,9,9,55.286159,26.153422,34.832219,79.370868,101.71696,45.930596,32.402064,73.491545
13.222222,14.375,26.444444,26.333333,9970.0707,2526.4581,1053.837,6389.7698,9682.547,2355.2098,1250.8579,6076.4793,97.700872,-11.884488,2.2706881,34.249544,153.54364,187.2463,130.89418,267.68481,1.8554688,0.9765625,0.9765625,0.9765625,0.13585396,0.38941053,0.4240484,0.3489873,13,14,28,26.5,19,17,10,10,53.77066,25.834531,33.762518,78.550378,101.66721,44.929619,31.918347,74.573144
13.294118,13.529412,24.111111,27,9364.7483,2019.1908,1568.9471,5776.5876,10052.845,2253.0163,1413.1416,6386.6875,98.905321,-10.804079,0.50663235,26.167847,145.61825,188.13748,141.49072,248.66475,1.8554688,0.9765625,0.9765625,0.9765625,0.15949205,0.41676756,0.31727745,0.35448801,12,13.5,28,27,18,18,9,9,55.359087,24.260483,38.836609,82.281599,104.10448,44.829154,35.79411,76.186665
13.388889,14.294118,19.545455,26.875,10979.644,2394.0422,1376.2832,7209.3125,10411.406,2210.1973,1522.5648,6678.6434,100.63467,0.98274384,-1.5626241,16.285472,151.23195,179.1646,141.49072,249.29957,1.8554688,0.9765625,0.9765625,0.9765625,0.13961389,0.38480479,0.39873464,0.32781035,15,17.5,16.5,27,19,18,12,9,55.922047,24.890634,27.71503,83.429456,104.41876,43.533002,35.449457,77.608796
13.235294,15.2,18,26,10184.914,2090.0893,1476.4891,6618.3734,10106.122,2276.3337,1231.6256,6598.1631,98.907729,-7.9046798,1.947176,32.003272,156.81918,172.4502,139.1712,251.65571,1.8554688,0.9765625,0.9765625,0.9765625,0.16152443,0.41298568,0.35404956,0.32248579,13,18,16.5,26,18,16,14,10,54.929657,26.156403,23.28931,80.967831,103.75602,43.0204,32.346264,77.853684
14.875,15.866667,18.583333,24.3,9161.466,2349.4427,1124.1409,5687.8513,9833.9128,3376.8928,1269.0574,5187.9626,96.051658,13.465424,8.8019678,13.263991,167.59415,260.43326,139.1712,246.79693,1.8554688,0.9765625,0.87890625,0.87890625,0.16989496,0.52869716,0.40856063,0.30299726,15,18,17,25,17,16,13,11,61.360658,32.092168,24.319314,63.191135,103.12716,50.565392,32.716566,65.011456
15.266667,16.285714,18.916667,22.8,9223.0147,4982.5904,1118.2072,3122.1943,8572.9895,3359.5328,1036.0575,4177.3992,87.88631,9.6626321,4.9686559,13.819456,165.07208,258.78518,135.56984,244.97793,1.8554688,0.87890625,0.87890625,0.87890625,0.1922321,0.51477443,0.43700016,0.34156581,16.5,19,16,25,16,15,13,11,57.963142,33.169549,22.407791,51.473729,94.917809,50.918167,29.613821,56.440493
14.352941,16.266667,19.416667,23.6,8223.4512,2355.7707,763.52184,5104.1234,8581.8183,3313.2473,804.49387,4464.0771,86.814498,6.7144002,1.3550882,8.765344,163.71855,258.78518,133.6776,240.99812,1.8554688,0.87890625,0.9765625,0.87890625,0.18843315,0.502257,0.46716057,0.3146929,15.5,18.5,16,24,18,16,13,11,54.007924,32.230715,19.303692,58.299067,94.07118,49.53491,24.85454,61.757486
13.529412,14.6875,16.714286,26.75,7596.9105,1870.9125,552.3201,5173.6705,8323.8069,2175.8799,625.48594,5522.441,88.005349,-7.7826002,-3.6990239,23.537024,141.1937,185.15873,108.68782,240.99812,1.8554688,0.87890625,0.9765625,0.87890625,0.15999109,0.42902113,0.46090021,0.32047529,13,18,15,27,18,17,15,9,50.764111,24.985481,15.063304,75.127837,93.803248,42.528479,22.530583,70.212932
13.823529,14.3125,17,27.25,9524.2022,2514.4249,1026.6159,5983.1513,8979.0885,2268.2944,895.05724,5815.7368,89.138658,-9.4856164,-2.8444639,26.009144,161.05482,186.57486,138.62184,258.63868,1.8554688,0.87890625,0.87890625,0.87890625,0.17711727,0.35240116,0.32029431,0.29267533,14,18,16,27,18,17,15,9,53.841333,25.584977,19.022306,78.947943,97.372624,44.689916,27.973979,72.429305
13.388889,13.722222,16.333333,27.222222,10232.218,2300.1607,1031.4534,6900.614,9972.1189,2423.1657,979.88136,6569.0718,98.526061,-7.2576561,-1.8983441,28.920751,171.06068,186.57486,138.62184,265.58504,1.8554688,0.87890625,0.87890625,0.87890625,0.15663129,0.36053396,0.36283949,0.31346574,14,14,15.5,27,19,19,16,10,54.890857,25.922185,18.376635,83.704585,102.4933,47.226653,28.127503,76.871557
13.470588,13.705882,16.769231,27.25,9120.4798,2145.6444,793.34275,6181.4652,9716.6519,2156.6497,872.37891,6687.6233,99.637285,-6.1345201,-3.4487602,21.260232,149.68666,172.96294,127.1097,268.29521,1.8554688,0.87890625,0.87890625,0.87890625,0.14835837,0.41971763,0.41213596,0.32841014,13.5,13.5,14,27,18,18,14,9,54.426692,24.082532,17.776603,84.651521,101.01024,43.927365,26.501816,77.661946
13.529412,14.375,18.384615,27.125,9656.0735,2124.3614,962.57073,6569.0238,9963.1753,2260.0654,835.97596,6867.1339,99.113295,-8.3929999,-3.1374562,25.594072,174.45758,189.18737,127.1097,283.88483,1.8554688,0.87890625,0.87890625,0.87890625,0.17071307,0.40590507,0.3468174,0.31199773,14,17,16.5,29,18,17,14,9,56.012781,25.030194,19.567973,86.785188,103.50188,43.530773,26.609168,79.986349
13.666667,15.3125,21.181818,27.333333,10940.627,2516.7984,723.30342,7700.5213,9721.161,2210.0651,821.72769,6689.3682,97.646622,-13.270095,-1.3917119,24.361063,174.45758,189.18737,108.77328,283.88483,1.8554688,0.87890625,0.87890625,0.87890625,0.16119099,0.37361101,0.38734778,0.29593537,15,15,21,27,19,17,12,10,55.201509,26.888797,21.272749,84.826278,100.97837,43.900076,25.107321,77.585011
13.555556,16.266667,16.785714,27.125,8106.7264,1789.7776,810.12806,5506.7688,9297.8111,2088.9505,709.35211,6499.5085,93.596858,-4.5718961,-4.230072,17.408608,174.45758,189.18737,105.57478,283.88483,1.8554688,0.87890625,0.9765625,0.87890625,0.15596888,0.41563392,0.39249552,0.36699143,12,15.5,15,27,19,16,15,9,53.300694,27.063227,16.104786,81.525831,98.300461,41.593074,23.985852,75.139015
