16,24.1,17.538462,26.75,23869.636,10441.121,1525.9772,11902.532,24066.032,10905.774,1522.5376,11637.72,147.11777,-7.0806399,-2.173024,16.670024,278.92349,424.20358,165.74801,360.12379,1.8554688,0.9765625,0.9765625,0.9765625,0.17928816,0.40639651,0.45713074,0.33125412,14,24,15.5,27,16,11,14,9,100.16265,90.893235,21.559442,109.83663,156.50415,94.287588,30.731661,102.65106
15.4,20.181818,16.642857,26.875,23725.579,10586.561,1471.5898,11667.401,22969.038,10103.055,1424.9021,11441.081,143.06893,-10.199784,-2.6674478,32.74796,278.92349,427.49974,165.74801,360.12379,1.8554688,0.9765625,1.0742188,0.9765625,0.17710488,0.39823069,0.47353085,0.34298218,14,22,14,28,16,12,15,9,95.472379,71.373072,21.822057,110.2767,154.98763,88.412589,32.779914,102.58298
14.5625,17.461538,19.5,26.333333,20559.937,8627.5017,1632.6381,10299.557,22603.756,9787.4649,1650.8532,11165.438,144.58999,-18.946816,-4.7367037,36.361528,259.18513,445.89719,177.00379,342.73959,1.8554688,0.9765625,0.9765625,0.87890625,0.15447297,0.48358917,0.4570556,0.35233956,13,17,14,26.5,17,14,13,10,88.905241,58.543815,28.116933,106.18432,152.62702,83.818237,36.047349,100.8079
14.375,15.466667,21.8,26.375,25050.898,10834.989,1968.5452,12246.78,23582.029,9893.5803,2145.8644,11542.585,146.55195,-11.487728,-7.410256,32.021585,259.18513,445.89719,189.72452,382.08598,1.8554688,0.9765625,0.9765625,0.87890625,0.16803649,0.43267101,0.41691698,0.32549064,13,17,26,27,17,16,11,9,91.579684,56.616838,32.96358,108.93667,159.26902,91.514286,37.802271,103.25751
15.0625,17,25.222222,27,25149.881,10018.94,2838.341,12292.573,26527.022,10637.435,2600.0873,13289.5,151.84664,-23.915472,-4.6878719,25.978624,239.02499,418.24607,189.8344,384.50317,1.8554688,0.9765625,0.9765625,0.87890625,0.14939152,0.44338643,0.41802308,0.38072261,13,17,27,27,17,15,9,9,100.21282,64.296698,49.960424,116.48347,166.32834,94.553967,46.259652,107.85507
14.625,17.692308,25.888889,26.111111,27867.41,10294.952,2927.1003,14645.301,25519.796,9597.1972,2819.4881,13103.11,150.86413,-30.849616,-0.64702406,42.209159,257.01819,386.68839,217.6076,385.6263,1.8554688,0.9765625,0.9765625,0.9765625,0.1594449,0.3772171,0.39605859,0.31386175,13,18.5,26.5,27,17,14,10,10,97.313635,63.459904,50.016276,114.65321,166.34809,89.671604,48.298979,109.77435
14.25,15,26.777778,26.888889,23110.554,7755.3035,2619.6574,12735.583,24443.952,8861.5558,2631.8082,12950.588,149.74732,-29.659336,1.4405439,38.571175,257.01819,386.68839,217.6076,385.6263,1.8554688,0.9765625,0.9765625,0.9765625,0.15794021,0.41314439,0.42172953,0.35745804,13,17,26,27.5,17,17,10,10,92.600969,52.712946,47.860894,116.2417,162.45784,87.85491,44.683407,108.07596
15.125,14.235294,23,27.75,23933.177,9765.2497,2412.3647,11755.552,24872.294,10594.847,2330.8825,11946.564,145.62316,-26.985783,-4.8770962,29.763105,232.07554,429.33093,195.21813,366.33766,1.8554688,0.9765625,0.9765625,0.87890625,0.1569523,0.43508232,0.40524939,0.35827636,14,14.5,27,27,17,18,11,9,97.281184,54.28609,37.173985,115.85076,160.79535,95.337142,40.406505,104.37006
16.714286,14.25,21.272727,26.25,27534.435,14717.733,1803.1319,11013.595,23957.552,11460.88,1901.3844,10595.287,137.11436,-24.00703,-2.569784,29.964537,271.29039,450.91468,178.77395,364.35996,1.8554688,0.9765625,1.0742188,0.87890625,0.18010934,0.37886231,0.48775054,0.3477229,14,15,20,27,15,17,12,9,107.26117,57.741847,32.53391,105.81888,160.43337,101.30149,38.234296,100.77989
19,17.538462,21.090909,23.1,21196.759,9981.8138,2110.6793,9104.2103,24609.01,13825.551,1770.403,9013.0562,142.36994,-46.176758,-2.8810884,38.11948,292.9346,474.86678,194.04616,343.92377,1.8554688,0.87890625,1.0742188,0.87890625,0.19994976,0.4875578,0.54129328,0.38831452,19,17,25.5,27,13,14,12,11,121.09736,73.064125,29.348317,80.646284,159.33863,104.14842,34.787876,87.279528
16.928571,16.571429,23.4,23.5,23514.387,15583.562,1692.94,6237.9146,21807.999,12159.451,2110.5174,7538.0304,133.81957,-40.158216,-0.69585614,39.2182,257.94989,474.86678,231.61018,313.07415,1.7578125,0.87890625,1.0742188,0.87890625,0.19032813,0.47940532,0.54300642,0.43187962,17,18,26,27,15,15,11,11,103.55461,66.960256,33.809431,74.859954,152.92875,101.01763,36.121187,79.638249
14.75,14.375,25.444444,25.444444,22790.661,10732.079,2468.2002,9590.3759,22181.27,11572.64,2236.7301,8371.899,138.12748,-31.002216,-2.62472,32.528216,246.99622,425.43659,224.61499,328.67598,1.7578125,0.87890625,0.87890625,0.87890625,0.18319473,0.46473948,0.42552505,0.29772556,16,15,27,23,17,17,10,10,90.89691,57.762858,37.352677,87.881239,154.06256,100.45714,36.700228,86.346195
14.411765,14.352941,27.125,24,22426.85,11255.326,2216.7028,8954.8431,22507.285,11146.284,2163.9782,9197.0227,137.58718,-19.136039,-0.75689602,18.134984,241.64336,454.55266,186.75798,328.67598,1.8554688,0.9765625,0.9765625,0.87890625,0.17008311,0.43292937,0.44376982,0.35516804,16,16.5,27,27,18,18,9,10,89.161497,53.923057,44.744243,86.622963,154.6679,93.923357,41.238933,90.232253
15.333333,15.466667,26.111111,23.6,22911.171,11079.052,2284.0947,9547.9314,22877.245,11382.425,2077.7978,9417.0217,137.08892,-12.616968,-1.9227601,41.604863,270.72041,454.55266,211.63788,412.71585,1.8554688,0.9765625,0.9765625,0.9765625,0.17492089,0.46984043,0.48062211,0.38342585,16,17,27.5,26,16,16,10,11,96.621724,60.13565,42.444674,86.69189,157.53542,97.20202,40.638518,91.834629
15.666667,14.75,27.375,23.555556,22162.65,10340.165,2151.1823,9670.973,21944.186,10015.97,2117.6566,9810.5593,129.5303,-12.720736,-2.6796557,40.567183,270.72041,416.35384,211.63788,412.71585,1.8554688,0.9765625,0.9765625,0.87890625,0.18730028,0.45600671,0.46988795,0.37227711,17.5,17,28,25.5,16,17,9,10,94.965788,54.203096,43.655658,88.164348,151.54115,91.869653,39.868181,93.570652
14.6875,15.466667,27.375,24.555556,20816.256,10354.089,1707.3865,8754.7305,20882.722,9976.6861,2050.3368,8855.6992,127.71231,-11.206942,-3.815,28.029568,220.1182,408.25993,179.27448,342.76401,1.953125,0.87890625,0.9765625,0.87890625,0.17937074,0.43508572,0.49159455,0.37012754,17,17,27,26,17,16,9,10,86.012598,56.481725,42.050817,82.326102,146.40442,91.295891,38.402573,83.816167
13.647059,16.769231,23.6,24,23578.778,9679.2422,2495.5514,11403.992,26446.335,10985.595,2300.7192,13160.021,152.47673,-23.10364,-2.0143199,30.788575,251.87728,410.77478,195.01059,413.15534,1.8554688,0.87890625,0.9765625,0.87890625,0.17890771,0.42449063,0.41966806,0.36794679,14,17.5,27,26,18,14,11,11,89.685174,63.056219,40.107123,98.351246,164.29396,94.00583,42.486359,102.44921
13.470588,18.769231,24.222222,26.625,34484.313,13328.482,2607.2999,18548.399,31499.133,11952.741,2886.5179,16659.874,175.61758,-27.419168,-2.002112,26.308239,261.78406,414.3151,215.17821,413.15534,1.8554688,0.9765625,0.9765625,0.87890625,0.16588082,0.35600107,0.43597918,0.28883865,14,19,26,27,18,14,10,9,99.765398,76.125795,43.678686,132.37802,185.15412,101.39706,45.081213,124.29861
14.058824,19.833333,24,26.875,33441.785,13632.327,3124.3924,16684.914,32799.513,14071.557,2871.4436,15856.513,178.20765,-29.171017,-7.2027199,9.7297763,264.38523,414.3151,215.17821,413.15534,1.8554688,0.9765625,0.9765625,0.9765625,0.15452923,0.3792568,0.43308056,0.31841387,13.5,18,26,27,18,13,10,9,105.84526,88.067582,44.745322,129.59087,188.21855,111.00956,46.609711,120.54964
16.214286,17.076923,23,23.2,24804.7,12822.202,2409.0367,9573.4118,26938.623,13189.73,2559.1362,11189.757,148.16005,-20.155407,-6.1650401,15.217272,264.38523,456.11528,215.17821,379.33918,1.953125,0.9765625,0.9765625,0.9765625,0.20172237,0.47458021,0.48413743,0.35943997,14,18,26,26,15,14,11,11,110.29653,70.559804,41.63022,87.208589,170.06073,103.29701,45.250239,93.974772
18.846154,16.928571,21.727273,22.272727,24082.489,13848.333,1740.5771,8493.5634,25955.171,13687.8,1984.8497,10282.522,151.34416,-13.660752,-6.6350477,22.078168,256.19155,456.11528,200.91926,385.96812,1.8554688,0.9765625,0.9765625,0.9765625,0.19417982,0.51898044,0.54880088,0.44479331,18,18,21.5,20,14,15,12,12,124.05716,70.556353,33.686098,82.37238,164.56562,104.19715,38.760155,92.458794
