15.1875,17.357143,25.555556,21.909091,19880.168,1577.3961,15629.996,2672.8429,19889.865,2008.8956,14948.216,2932.7526,123.88191,-3.6562962,24.47704,16.444176,242.24954,337.69362,433.90894,253.95081,1.953125,1.953125,0.9765625,0.9765625,0.16859384,0.61049895,0.10009407,0.31046921,14,14,25.5,19.5,17,15,10,12,87.025068,27.272685,115.78498,43.822328,143.25114,39.281644,113.26792,50.004731
15.266667,17.357143,25.222222,25.333333,17141.258,1473.1793,13137.022,2531.1033,17428.95,1276.9681,13501.93,2650.0515,116.99001,-4.2728,18.58668,19.178768,227.68541,298.6321,426.81609,208.13419,1.953125,2.1484375,0.9765625,0.9765625,0.18661597,0.68769641,0.13147357,0.28601048,13.5,17,25,24.5,16,15,10,10,81.722676,20.829597,108.40551,47.752138,133.82534,30.001478,107.45039,47.123821
16.285714,15.0625,25.111111,22.6,15371.003,860.31683,11632.81,2877.9796,15189.226,1132.1255,11577.235,2479.8663,110.07854,-3.3877201,23.28676,18.867464,205.06954,298.6321,364.57971,195.04722,1.953125,1.953125,0.9765625,0.9765625,0.19983551,0.6832702,0.15899972,0.31555614,14,14,25,26,15,17,10,10,80.466443,16.665039,100.72847,46.096237,123.52305,27.659815,100.28277,45.892272
20.818182,13.388889,25.333333,17.692308,12463.484,948.78287,9590.9973,1923.6706,13372.294,840.03541,10272.828,2259.4308,103.01742,-1.3245679,21.91336,16.901976,199.0414,145.05546,352.76236,211.6623,1.953125,1.953125,0.9765625,0.9765625,0.20147185,0.45968098,0.14590507,0.32508809,15,13,25.5,14,12,19,10,14,93.180757,14.579068,95.293779,28.512071,111.89829,27.222327,94.039914,40.288796
25.666667,12.888889,24.666667,17.571429,13388.57,1095.526,10343.242,1949.7359,12469.694,973.50467,9674.6946,1821.4944,93.788337,0.44559231,21.193087,16.023,190.09284,143.08997,339.38239,189.70011,1.953125,1.953125,0.9765625,1.953125,0.19710813,0.41435821,0.14296975,0.29570913,26,13,25.5,14,10,19,10,15,111.90669,15.02438,90.434811,27.254924,109.00002,29.142117,91.656903,38.777331
23.2,13.705882,26,20.363636,11741.567,859.4989,9261.2586,1620.7795,12346.24,1047.6824,9617.4349,1681.1225,95.61379,-0.81183231,18.543951,17.371984,182.96562,153.03949,339.38239,189.70011,1.953125,1.953125,0.9765625,1.5625,0.20233692,0.49937112,0.17935088,0.36459253,26,13,27,19.5,11,18,9,12,101.24308,16.820143,96.340778,31.657428,109.09815,30.680519,92.635363,38.865146
18.416667,13.764706,25.111111,21.090909,11014.586,1126.0706,8663.2919,1225.1483,10533.492,949.08803,8341.298,1243.1056,92.935154,-3.9309759,30.007264,16.840936,173.49354,148.82772,322.19353,149.37709,1.953125,1.953125,0.9765625,1.171875,0.19234048,0.5355101,0.19383471,0.43382641,14,13,26.5,20.5,13,18,10,12,75.454217,15.322769,85.258527,26.952672,102.42654,27.829816,84.881277,31.94821
17,13.9375,25.888889,20.636364,10426.41,838.4202,8276.3811,1311.5911,11641.881,1270.6582,8691.481,1679.7421,96.536463,-8.9118398,38.955727,16.96912,206.79217,211.95529,349.86907,213.62779,1.953125,1.953125,0.9765625,0.9765625,0.21987995,0.61866782,0.24279369,0.43314957,14,14,26,19,15,17,10,12,73.430261,15.100831,89.581665,28.639104,107.98568,27.086692,86.5059,34.69495
15.066667,14.933333,23.6,19.083333,17045.767,2683.486,9427.1373,4935.1143,13254.632,2678.5965,7232.915,3343.1204,97.167038,-14.155176,20.625416,11.145904,289.39082,293.08966,352.49379,395.51478,1.953125,1.3671875,0.9765625,0.9765625,0.25283348,0.60436266,0.371512,0.50805748,15,14,26,15,16,15,11,13,71.438564,23.060311,68.687432,35.729406,118.53744,36.031735,72.76211,46.807082
15.8,14.5,23.1,18.666667,11242.878,3858.565,4604.2571,2780.0186,14055.326,2852.5352,7517.1172,3685.6734,99.062665,-12.305664,19.569424,11.145904,289.39082,297.55779,355.19176,395.51478,1.953125,1.171875,0.9765625,0.9765625,0.24062901,0.61671792,0.35822437,0.46671311,15,13,27,15,16,17,11,13,75.00624,24.162678,65.884594,37.034387,118.68076,41.659789,71.303673,49.599625
18.384615,13.823529,20.818182,19.916667,12106.99,1039.7088,8897.0016,2170.2713,10964.254,2049.2725,7303.0968,1611.8842,91.19124,-5.9880236,17.652768,13.972056,228.26529,271.15189,376.72667,178.65187,1.8554688,1.6601563,0.9765625,0.9765625,0.24954196,0.63551877,0.3819396,0.45857692,18.5,13,23,15,14,18,12,13,73.826396,19.640376,60.902586,27.217006,100.39154,35.519828,73.136293,34.163605
17.769231,13.611111,23.1,20.272727,11036.646,1546.7035,8110.1532,1379.8125,12508.509,1093.468,9455.9157,1959.1247,93.888656,-3.41824,17.12172,13.94764,227.49587,174.07387,380.73089,192.75211,1.953125,1.7578125,0.9765625,0.9765625,0.24691346,0.61120788,0.29697581,0.32527628,15,13,25,19,14,19,11,12,76.097692,15.345692,78.98052,30.185104,107.06385,28.185965,85.476753,37.223783
16.5,13.235294,22.4,19.666667,15039.195,788.30988,11916.005,2334.9086,14747.097,1221.698,11408.738,2116.6612,102.27308,-5.8720481,19.178767,13.141912,260.90649,174.07387,436.86327,204.82582,1.953125,1.953125,0.9765625,0.9765625,0.26133332,0.61173236,0.28415229,0.34147491,15,13,15,20,15,18,11,13,77.587276,14.536421,83.808351,29.204397,117.55648,27.457684,93.536106,37.124234
19.083333,13.352941,25.5,23,17080.801,1384.1997,13262.927,2433.5749,16050.083,1118.8603,12458.886,2472.3366,107.68441,-2.5942,30.526104,14.979215,263.40325,173.59776,436.86327,202.42085,1.953125,1.953125,0.9765625,0.9765625,0.20877747,0.45093795,0.15681948,0.28898842,18,13,24,25,13,18,9,11,95.433227,15.336359,104.67966,39.607219,125.02169,28.713447,102.62712,43.051325
17.142857,13.705882,24.666667,22,13868.643,1003.8358,10557.981,2306.7252,14827.021,1018.3376,11393.356,2415.3281,105.44739,-2.7529044,27.89528,15.455328,226.85476,173.59776,398.56678,226.67814,1.953125,1.953125,0.9765625,0.9765625,0.20116288,0.54647035,0.16077234,0.34884958,15,13,25,25,15,18,10,11,81.721639,14.777412,97.727547,37.082042,119.17739,26.954507,99.048189,42.138684
17.428571,13.529412,25.444444,25.333333,16207.88,1214.7314,12365.468,2627.702,14646.318,952.81781,11281.615,2411.8853,108.03425,-4.7000801,30.849616,20.906199,226.85476,231.90317,398.42028,226.67814,1.953125,1.953125,0.9765625,0.9765625,0.18601281,0.58812664,0.14376217,0.30967699,16,13,25.5,25,15,18,10,10,83.983001,13.009724,102.0132,44.543893,120.46742,24.039707,100.23131,43.957789
17.5,12.684211,25.444444,23.1,12745.831,551.7678,10157.99,2036.1144,13399.96,830.66099,10365.853,2203.4459,101.46853,-4.3765681,27.052928,16.230536,217.3941,231.90317,398.42028,226.67814,1.953125,1.953125,0.9765625,0.9765625,0.18202866,0.60376507,0.13141765,0.28929804,14,13,25,25,15,20,10,11,79.769283,11.51838,96.979671,36.753556,113.95612,22.702201,95.285703,39.776576
16.928571,13.277778,25.444444,21.090909,9458.4011,544.35887,7298.2824,1615.7516,9938.3991,572.26664,7757.0585,1609.074,91.210645,-4.2972162,24.50756,12.793984,174.91875,125.63253,339.06499,157.06813,1.953125,1.953125,0.9765625,0.9765625,0.18955113,0.54528975,0.16627573,0.33366342,15,13,26,20,15,19,10,12,67.573039,10.894431,84.520032,30.380762,99.791407,20.512527,83.043699,36.011679
