16.066667,14.352941,27.875,27.625,5822.9882,685.10742,2559.7086,2578.1705,5920.199,918.37486,2481.122,2520.7021,71.234098,0.64702412,7.6177919,-0.43338402,135.04391,184.31638,177.26016,201.57849,1.7578125,1.6601563,0.87890625,0.87890625,0.2175104,0.61246768,0.26069526,0.32022683,15.5,14,28,27,16,18,9,9,50.524186,15.437695,52.258199,51.890657,78.616473,26.889429,46.86834,46.959871
16.571429,15.2,27.125,27.125,5180.0284,1080.3137,2049.7913,2049.8416,5479.6088,880.05883,2272.0374,2327.5126,66.932241,1.977696,7.0440155,0.23195196,132.06301,168.55586,178.51758,201.57849,1.7578125,1.6601563,0.87890625,0.87890625,0.19968757,0.6241112,0.25752894,0.3095031,15,14,28,27,15,16,9,9,50.436663,15.415979,48.403042,48.441537,76.089794,25.355229,44.611099,44.646577
15.8,15.533333,27.625,27.5,5607.4458,756.23262,2403.3332,2447.8502,5470.7104,792.92896,2357.0491,2320.7323,66.976385,1.666392,7.0318079,2.2096477,120.44609,143.50504,172.15721,173.31698,1.8554688,1.5625,0.87890625,0.87890625,0.20853078,0.62789076,0.25870903,0.28716621,15,14.5,27,27,16,16,9,9,47.741392,15.10885,49.945968,48.115701,75.540177,24.316818,45.199971,43.741546
15.733333,13.75,27.375,27.5,5955.5825,639.29183,2754.1366,2562.1489,6373.3256,697.84705,2984.2325,2691.2461,72.853511,3.4060317,6.6045278,4.3948801,142.94868,129.89312,207.89003,189.8344,1.8554688,1.8554688,0.87890625,0.87890625,0.19381312,0.61114294,0.31088795,0.33200709,14.5,13,27,27,16,17,9,9,50.83675,12.714383,56.079615,52.886369,80.778734,23.11706,51.21426,48.078518
15.266667,15.466667,27.25,24.333333,6694.7834,738.78421,3342.1059,2613.8886,6370.3585,769.11287,3055.1596,2546.0861,70.534018,-0.34182379,9.2292482,6.5801118,149.14547,152.27038,207.89003,215.97173,1.8554688,1.7578125,0.87890625,0.87890625,0.19971408,0.62145355,0.29297804,0.35967834,14.5,13,27,26.5,16,16,9,10,49.819102,14.945626,57.762907,44.804466,81.581499,24.157801,52.993492,46.031985
15.6,15.4,27.375,24.222222,6053.9457,786.90394,2905.2812,2361.7706,5880.7965,720.00243,2856.3125,2304.4816,68.097167,-0.6103997,8.496768,7.196616,149.19883,152.27038,195.58437,215.97173,1.8554688,1.6601563,0.87890625,0.87890625,0.21583857,0.62504148,0.32814792,0.3952542,16,13.5,27,20.5,16,16,9,10,46.21483,14.90997,54.280584,41.087695,74.062228,24.204497,49.571309,42.407024
14.375,14.352941,27.5,24.333333,4713.1209,609.44054,2252.6216,1851.0334,5216.5735,744.81386,2434.515,2037.2446,63.593278,3.1984961,6.372576,3.8638319,149.19883,151.46465,187.60033,215.97173,1.8554688,1.8554688,0.87890625,0.9765625,0.21119982,0.63706349,0.34300067,0.41225358,15,14,29,26.5,17,18,9,10,41.782965,14.445558,49.68383,38.947812,72.666026,25.16132,45.167119,40.014875
14.235294,13.823529,27.75,27.625,4103.9984,803.30304,1813.0366,1487.6501,4188.1937,694.21519,1900.6187,1593.3599,54.123434,0.34792814,6.372576,5.682824,123.41895,138.40209,170.44809,175.05051,1.8554688,1.7578125,0.87890625,0.87890625,0.2191457,0.58923419,0.3076034,0.3804413,13.5,13.5,27,27,18,18,9,9,37.324416,13.466768,44.49807,39.650324,65.549078,24.354793,40.088351,35.882647
14.8125,14.117647,27.625,24.444444,4114.7597,583.35368,1826.0246,1705.3527,4429.5077,632.36516,2070.6701,1726.4725,56.008987,1.0865119,4.2117599,0.59819186,150.0296,136.49765,184.89016,192.66665,1.7578125,1.8554688,0.87890625,0.87890625,0.22491557,0.62461707,0.30252021,0.33961515,14,13.5,27,27,17,18,9,10,39.389666,13.170187,44.248935,37.085164,66.480449,23.322206,40.044285,37.928008
13.875,13.823529,27.75,24.666667,5502.4284,691.35448,2900.6799,1910.3702,4928.6458,749.06253,2541.8695,1637.7137,62.49651,4.0286398,1.43444,-0.73247991,156.52765,161.15781,184.89016,192.66665,1.8554688,1.8554688,0.87890625,0.87890625,0.19841395,0.59495299,0.25752851,0.32716524,14,13.5,29,26.5,17,18,9,10,40.660741,14.098436,52.618013,37.017893,73.262596,25.497172,47.403616,37.518135
14.375,14.25,25.125,25.125,5522.9167,2418.2404,2204.8983,899.73891,6019.5219,2561.3239,2202.3244,1255.8735,68.417174,14.265048,2.1791278,-8.5455999,154.14712,236.40792,180.47086,158.58192,1.8554688,1.8554688,0.87890625,0.9765625,0.21211226,0.52078743,0.29043896,0.43793919,14,13,27,26,17,17,9,9,45.398336,23.219991,39.316424,29.918767,78.953627,40.736827,39.12082,29.769917
14.625,14.4,25.333333,22.7,6996.4778,3406.6724,1915.4035,1674.3924,5909.9529,2516.5739,2075.3832,1317.9958,65.75409,9.33912,6.659464,-2.3927679,150.72414,236.40792,190.50584,163.52616,1.8554688,1.5625,0.87890625,0.9765625,0.21314992,0.52184668,0.32836075,0.39994361,15,15,23.5,24,17,16,10,11,46.137288,23.942996,40.274724,30.212979,78.86716,41.567701,39.744793,33.274206
16,14.235294,26.555556,19.833333,4417.7247,758.54399,2319.5347,1339.6446,4771.1322,954.97243,2271.3552,1544.8046,61.876854,4.071368,8.0084476,5.2128162,114.92224,186.85565,181.64283,175.45337,1.8554688,1.8554688,0.9765625,0.9765625,0.17854156,0.65741412,0.34846544,0.4387152,14.5,13.5,26,14,16,18,10,13,45.625748,15.451528,46.528393,28.336781,71.290232,27.135948,43.80288,35.718631
19.166667,14.8125,26.625,19.916667,4579.1463,755.47226,2272.782,1550.8759,4788.9697,762.88791,2306.8167,1719.2651,59.505352,-1.7762641,7.5262319,2.1425038,119.08505,152.36805,176.8695,187.57592,1.8554688,1.8554688,0.9765625,0.9765625,0.20659582,0.6467251,0.349654,0.42656215,18,15,26,14,13,17,9,13,52.349734,14.631581,46.725736,28.964446,68.282261,24.694652,43.87393,36.357045
18.615385,15.1875,26.625,23.777778,5111.3891,737.19809,2312.9103,2061.2698,5224.0454,708.46453,2360.6451,2154.9358,59.590786,3.0397917,10.34628,1.0376801,158.16741,175.12376,191.79988,249.72684,1.8554688,1.7578125,0.9765625,0.9765625,0.22314509,0.67659215,0.35343853,0.42850634,18,14,26,22,14,17,9,10,51.551441,13.358313,47.844924,36.522411,69.232307,21.988993,44.924811,38.399732
17.833333,15.666667,26.75,26.222222,6222.803,793.7756,2434.1326,2994.8836,5337.3968,761.63676,2195.3862,2380.3738,59.914977,1.9593839,13.325031,3.9492885,163.51755,175.12376,196.25581,249.72684,1.8554688,1.5625,0.9765625,0.9765625,0.24690503,0.64628321,0.36199485,0.3949147,17,14.5,25,26,13,16,9,10,48.951636,15.180337,46.003177,45.012829,68.623788,24.223941,42.993623,42.914773
17.142857,17.142857,26.666667,23.9,4786.181,561.12787,2189.6022,2035.4452,5755.3484,592.40792,2566.9095,2596.031,66.388118,1.9593839,12.641384,9.2597676,163.51755,175.12376,196.25581,249.72684,1.8554688,1.8554688,0.9765625,0.9765625,0.21342714,0.64921544,0.36897767,0.41108998,15,15,25,20,15,15,10,11,50.540772,14.729807,50.188545,43.76542,73.705292,21.480969,47.051761,45.779728
15.6,19.166667,26.875,23.888889,5530.2437,439.91321,2776.8153,2313.5082,5176.5139,490.73886,2583.5748,2102.2002,63.89672,0.030520058,0.89728794,4.9503438,118.87229,116.03704,175.17259,179.10356,1.8554688,1.8554688,0.9765625,0.9765625,0.20397621,0.61137943,0.33438386,0.35028083,13.5,19,28,25.5,16,13,9,10,45.926196,15.785929,51.47115,41.378441,73.599674,20.590342,47.880139,43.30302
16,16.2,27.25,25.555556,5732.956,513.14916,2971.2297,2248.5802,5844.1464,495.65753,2994.606,2353.8829,66.755602,-2.3500402,-0.76910388,2.478224,125.91568,106.38051,192.66665,203.36086,1.8554688,1.8554688,0.87890625,0.9765625,0.19755115,0.62591372,0.34841381,0.38558612,13.5,14.5,29,28,14,16,9,10,49.914414,13.466872,55.169168,45.957408,77.991272,20.782211,50.613915,44.958334
19.083333,15.6,27.25,27.375,6136.1497,529.2332,3246.283,2360.6173,6009.6423,614.14948,3236.4154,2159.0774,72.111781,1.2269044,7.178304,5.4813919,128.54104,150.02411,192.66665,203.36086,1.8554688,1.8554688,0.87890625,0.87890625,0.20237088,0.6478186,0.31602351,0.36415245,18,14,27,28,13,16,9,9,59.689662,12.813767,58.183566,46.629238,78.196063,20.534883,53.379419,42.583779
16.857143,15.933333,27.625,27.75,5926.6678,773.89095,3125.0911,2027.6784,5614.4475,639.44154,2880.363,2094.6429,69.376922,4.8160564,6.7815441,5.2860638,127.46538,150.02411,190.55467,183.09558,1.7578125,1.8554688,0.87890625,0.87890625,0.21612452,0.59277548,0.2488627,0.3154751,16,16,27,27,15,16,9,9,50.724418,13.454683,55.725661,46.200817,75.226891,21.110904,50.430463,41.622357
15.785714,15.857143,27.625,27.5,5058.4191,719.25551,2272.7154,2066.4351,5548.3466,739.75438,2738.7235,2069.8687,69.541235,5.9330877,7.1294719,3.8394159,124.67037,164.53942,188.18632,186.86785,1.8554688,1.7578125,0.87890625,0.87890625,0.21131666,0.64106549,0.2876269,0.3356962,16,16,28,28,15,15,9,9,47.77588,14.612552,52.536202,45.326068,75.663159,23.037807,47.544074,41.205516
