18.538462,16.857143,17.769231,23.1,7998.89,1992.146,1535.8282,4470.9167,8692.9627,1948.3432,1849.7034,4894.9161,79.441061,-0.64091997,4.071368,11.829551,170.54564,158.704,169.0808,263.49747,1.7578125,0.87890625,0.87890625,0.87890625,0.23527508,0.25408126,0.31185394,0.26660302,16,15,15,28,14,15,14,11,67.930065,28.679447,26.29321,56.061102,91.606934,42.533078,36.992611,60.672188
18.692308,16.571429,17.357143,22.090909,7931.0973,1893.5169,1864.0529,4173.5261,7773.8922,1938.2993,1661.1494,4174.4435,70.273286,-4.773328,6.5984239,13.929328,153.68517,171.75435,161.62171,229.96209,1.7578125,0.87890625,0.87890625,0.87890625,0.24526601,0.32140562,0.33900312,0.31041454,19.5,22,15,28,14,15,15,12,63.818645,28.671071,24.834508,50.322647,85.354155,43.253772,35.769867,56.949497
18.307692,16.428571,16.5,20,7657.4403,1948.2635,1605.935,4103.2265,7597.095,2058.8589,1563.1348,3975.1013,69.960494,-3.863832,2.2340641,4.986968,153.37444,188.24736,161.62171,229.96209,1.7578125,0.87890625,0.87890625,0.87890625,0.23989162,0.36914122,0.30406778,0.25216375,19.5,20,15,17,14,15,15,12,59.831676,27.91329,22.764434,44.621972,81.702918,42.476746,34.491566,55.777465
18.538462,15.785714,15.0625,19.166667,6754.6424,2310.2306,1104.8722,3339.5397,6674.3521,1952.3369,1274.2973,3447.7179,62.50265,-12.873336,2.7406959,7.0989519,149.95571,188.24736,142.72373,220.98922,1.7578125,0.87890625,0.87890625,0.87890625,0.26470109,0.28301075,0.35791735,0.3057143,20.5,20,14,15,14,15,17,13,56.650296,26.848034,18.348811,39.249667,76.395628,42.519511,30.454458,51.195218
20,19.083333,15.714286,20,5863.1845,1560.1482,1156.988,3146.0503,5712.8629,1672.7206,1046.5425,2993.5998,59.978142,-7.4346721,2.575888,8.8569042,142.44069,174.40349,138.06027,217.55877,1.7578125,0.87890625,0.87890625,0.87890625,0.25115889,0.27130466,0.32157356,0.29563596,19,22,14,15,12,13,15,12,57.327908,29.446868,18.121094,39.115024,71.659885,38.576683,28.829014,48.89378
24.555556,19.727273,16.5,19.166667,5063.6171,1287.6038,1049.4549,2726.5535,5147.6885,1260.4846,1077.947,2809.2569,57.872959,-3.5036959,5.8110079,11.158112,142.44069,151.69661,138.06027,217.55877,1.7578125,0.87890625,0.87890625,0.87890625,0.24790049,0.2666061,0.31999723,0.30393946,27,20.5,15,15,10,12,15,13,66.33792,26.161978,19.209936,35.863288,67.538607,33.15458,29.105963,46.778201
24.2,19.5,17.153846,17.153846,4861.6901,1200.5489,1045.6376,2615.5028,5402.6988,1279.769,1163.7028,2959.227,59.526968,1.2269041,3.1069363,8.100008,133.6761,151.69661,137.16909,209.17187,1.7578125,0.87890625,0.87890625,0.87890625,0.24184856,0.26802565,0.37358111,0.34519914,28,17,15,15,11,13,14,14,68.331373,26.187135,20.741998,32.708279,70.590262,33.57325,30.229369,47.669016
21.545455,16.571429,18.076923,18.153846,6282.1251,1418.7873,1353.328,3510.0192,6549.1381,2357.9833,1167.6101,3023.5447,68.051914,-11.194736,-1.5748316,8.1000081,167.50882,217.3146,143.06555,209.17187,1.7578125,0.87890625,0.87890625,0.87890625,0.25899599,0.46911886,0.4488726,0.34712451,20.5,15,15,15.5,12,15,14,14,67.078182,25.312726,21.229375,33.377538,77.833333,38.187302,29.359774,45.96483
20.416667,15.533333,17.692308,19.25,9941.2785,5416.1943,1375.7533,3149.3326,7993.8361,3525.2849,1349.6314,3118.9198,65.327408,-5.24944,-5.0357999,2.62472,230.77409,309.81462,196.71971,239.47212,1.0742188,0.87890625,0.9765625,0.87890625,0.30939602,0.44677056,0.58797994,0.526339,21,13.5,15.5,18,13,16,14,13,66.367421,31.454691,19.60245,39.256224,81.26623,50.624503,27.699114,50.98211
18.307692,15.866667,16.846154,17.416667,17362.29,11850.612,1930.7531,3580.9001,15258.83,9970.4798,1710.3169,3578.0335,80.244331,-10.920056,-5.2555439,4.0713681,395.84177,606.09058,249.94659,301.92825,0.9765625,1.3671875,1.171875,0.87890625,0.36586686,0.60408513,0.57562102,0.53598818,17,13.5,17.5,17,14,16,14,13,79.852545,45.773814,18.732724,36.633921,109.04234,72.122606,27.799705,52.584576
21,16.266667,17.769231,21,12861.192,7821.9373,1422.2562,3616.9402,13095.036,8110.8779,1449.3035,3534.8546,62.077173,-10.920056,2.4049759,12.305664,395.84177,606.09058,249.94659,277.02393,1.2695313,1.171875,1.0742188,0.87890625,0.39769216,0.64157792,0.58297174,0.4427185,18,15,14.5,15.5,12,16,14,12,86.286779,39.008312,19.718077,43.431183,102.72236,59.951299,27.741884,51.70379
22.363636,16.2,17.846154,22.3,8436.5402,2936.4542,1371.9293,4128.1446,7446.3052,2590.9683,1225.9232,3629.4137,72.576504,-6.5679039,1.9838001,11.676952,160.2727,223.99238,145.1287,224.40745,1.7578125,0.87890625,0.87890625,0.87890625,0.23447743,0.23911653,0.4044671,0.30355782,18,18,15,15,12,16,14,11,75.118007,31.633489,21.796956,50.558093,83.973381,48.817113,30.534529,56.679477
23.2,16.769231,17.846154,23.2,7836.75,2676.509,1391.4563,3768.8025,8344.9417,2758.5153,1424.8888,4161.5376,78.868502,-4.4498159,4.5902081,14.936488,160.7008,223.99238,151.69661,232.80656,1.7578125,0.87890625,0.87890625,0.87890625,0.22248222,0.20665175,0.37777985,0.29393337,19,20,15,28.5,11,14,14,10,83.136454,34.475886,23.544619,60.172393,89.586697,51.397536,32.982763,58.356846
20.2,18.538462,17.076923,24.666667,7795.9273,2338.5006,1375.8426,4081.6578,7662.4987,2253.1094,1418.2046,3991.1847,72.351954,-1.1963839,6.2504958,16.126768,153.4686,184.59716,148.00979,232.80656,1.7578125,0.87890625,0.87890625,0.87890625,0.22008713,0.21075364,0.32706162,0.25519832,17,23.5,15,28.5,11,14,14,10,70.291436,33.769519,23.898779,58.384004,86.994351,45.539808,34.986952,59.172977
23.1,17.923077,19.416667,29,7447.6025,2157.565,1286.7931,4003.2452,7682.1055,2264.0336,1285.9473,4132.1245,74.180339,1.8128882,5.3898321,15.04636,142.59819,184.59716,129.58792,224.73707,1.7578125,0.87890625,0.87890625,0.87890625,0.20818662,0.27370679,0.34274578,0.27744836,24,23,15,29,11,14,13,9,77.116579,32.365868,25.541261,68.605601,83.459501,45.145524,32.885743,59.14276
27.111111,17.214286,20.333333,25.888889,7054.6551,2045.1649,1159.5379,3849.9513,6619.499,1946.7718,1150.4947,3522.2325,69.806125,-2.1241922,6.3847838,16.676127,142.59819,161.49963,129.78325,218.20579,1.7578125,0.87890625,0.87890625,0.87890625,0.22417945,0.28319036,0.42456277,0.34119967,28.5,23,16,28.5,10,15,13,10,84.979964,29.511353,24.869029,56.561405,78.362671,42.858811,30.576675,54.619383
24.666667,20.909091,17.692308,25.555556,5478.5001,1700.4753,1093.9801,2684.0639,5974.4057,1830.4279,1071.8274,3072.1504,67.68699,2.0631521,4.0103279,13.178535,134.67302,177.89497,128.17179,205.0944,1.7578125,0.87890625,0.87890625,0.87890625,0.2169931,0.22931391,0.36698976,0.3051207,28,24.5,15.5,28,10,12,14,10,75.32996,34.378687,20.991429,51.322838,76.347932,41.104952,29.661802,50.207124
