14.375,14.117647,25.222222,25.444444,23265.428,2893.8002,12003.152,8368.4274,21611.25,2902.3237,10774.021,7934.9055,148.36575,-9.5527599,10.865119,21.205296,215.76089,304.32102,330.25081,288.45062,1.953125,0.9765625,0.9765625,0.9765625,0.15307229,0.41009605,0.17763905,0.15828606,13,16.5,21.5,25.5,17,18,10,10,88.842114,27.088944,101.71688,86.975646,154.50802,47.970005,100.8207,85.456421
14.6875,13.277778,25.111111,24.666667,21684.094,2806.8398,9959.7035,8917.5409,22301.752,2837.2319,10743.09,8721.4299,150.40497,-10.181472,12.360599,20.253072,227.63773,304.32102,346.47524,311.304,2.0507813,0.9765625,0.9765625,0.9765625,0.15867799,0.42865559,0.22800566,0.20615376,13,16,24.5,25,17,19,10,10,91.490353,25.465628,100.3918,88.040064,155.72826,47.947835,99.947593,89.229795
14.4375,12.444444,25.222222,25,21494.782,2383.9457,9976.3042,9134.5129,21629.705,2401.1764,9459.2112,9769.3173,146.88699,-9.2353518,16.261055,21.980504,227.63773,232.91643,340.13929,331.11758,1.953125,0.9765625,0.9765625,0.9765625,0.1611969,0.44614149,0.189541,0.16263845,13,15,23.5,25,17,19,10,10,88.47598,21.669527,94.541415,95.958442,153.20516,43.532532,93.708451,95.958442
15.0625,12.944444,25.111111,25.444444,21527.19,2797.6056,9017.1773,9712.2857,19673.924,2703.1195,8753.4195,8217.3848,132.96893,-6.6106321,9.9067916,17.707704,212.52134,244.41636,340.13929,331.11758,1.953125,0.9765625,0.9765625,0.9765625,0.16112857,0.45048484,0.24465611,0.1982741,13,15,24,25.5,17,19,10,10,87.177793,23.920737,88.920278,88.420384,144.69343,46.198849,88.526826,86.875923
15.125,12.5,25,24.777778,14073.752,2578.9853,6494.0823,5000.664,16122.996,2500.5574,7255.2392,6367.1992,117.21199,-5.5363279,13.038144,17.707704,202.49522,244.41636,286.69267,315.66225,1.953125,1.0742188,0.9765625,0.9765625,0.17338899,0.47398289,0.27694178,0.26032367,13,14,25,25,17,19,10,10,80.62535,22.173664,81.167549,73.418937,133.26504,44.347328,81.167549,74.077403
17.461538,12.473684,25.222222,25.111111,15538.293,2400.0583,7139.3764,5998.8245,16045.289,2511.7181,7411.9118,6121.6593,120.91179,-5.2921685,10.71252,20.308008,177.10067,223.8703,294.93307,278.57435,1.953125,1.2695313,0.9765625,0.9765625,0.15805066,0.44937163,0.24079941,0.21310571,15,13.5,26,25.5,14,20,10,10,92.507977,22.864179,83.480628,76.282091,132.44534,45.824832,82.745115,75.944559
18.75,13.352941,25.333333,24.555556,20460.117,2380.4039,9878.3439,8201.3672,19755.221,2015.5779,9878.992,7860.6512,132.67784,-4.5596877,12.922168,22.346744,216.94306,220.85492,349.52724,315.49134,1.953125,1.8554688,0.9765625,0.9765625,0.16790566,0.48954254,0.20622636,0.19129926,24,15,26,25,13,18,10,10,107.80175,21.515938,95.487397,84.80072,143.73566,40.283143,94.230984,86.335575
17.071429,14.9375,25.444444,24.888889,22362.031,1230.5164,11955.459,9175.9385,22084.569,1567.8737,11651.99,8864.7049,143.16524,-2.2462719,8.3197514,20.222552,217.70096,220.85492,349.52724,331.36174,1.953125,1.953125,0.9765625,0.9765625,0.15263287,0.47125044,0.11634962,0.13145726,13,16,25.5,25,15,17,10,10,102.47843,21.826924,105.59686,89.013792,150.07301,36.530416,103.75237,89.411175
17.142857,16.214286,26.5,26.5,23062.457,2324.5965,12064.118,8673.7141,24430.81,3716.449,11581.835,9132.5266,150.20695,7.3247998,4.6024161,-15.699487,222.94924,327.29647,351.00441,340.51774,1.953125,0.9765625,0.9765625,0.9765625,0.17301767,0.61655958,0.36488121,0.41098355,14,18,24,26,14,15,9,9,115.74039,30.384354,107.23328,95.582764,156.73178,46.848123,101.16347,90.172419
15,15.0625,27,26.75,27872.062,6564.6731,11416.84,9890.4837,26733.781,3990.8205,12580.5,10162.461,158.42638,9.3574319,1.6847043,-15.803256,253.10699,327.29647,399.09172,355.99749,1.8554688,1.0742188,0.87890625,0.87890625,0.18012971,0.62180946,0.34866626,0.39526619,13,15,26,26,17,17,9,9,100.73534,29.649011,114.76237,101.19194,167.89223,49.209977,106.26145,94.571906
15.375,16.2,20.5,20.4,24781.426,3049.1356,11664.211,10068.064,22978.756,5117.8466,9084.3204,8776.5889,132.09522,4.1934481,14.863239,-0.86066418,253.10699,424.00825,399.09172,362.72409,1.953125,0.9765625,0.9765625,0.9765625,0.24175614,0.60356001,0.43738448,0.45936476,13,14.5,19,24,16,16,11,11,104.80737,35.994396,61.964894,61.894676,159.76733,55.546908,75.566944,75.851319
17.230769,17.285714,18.076923,20.818182,19045.369,5602.5179,5498.4695,7944.3022,22548.831,5016.1624,6587.8163,10944.852,114.4205,-4.5230634,7.3186957,4.4986484,316.48164,424.00825,383.58756,534.77143,1.171875,1.171875,0.9765625,0.9765625,0.29859408,0.57100539,0.44753883,0.54056999,15,17,16.5,17.5,14,15,14,12,101.33707,41.170587,42.999444,65.470709,147.02923,59.544237,59.467316,78.62203
16.642857,14.1875,20.272727,24.888889,26194.99,5022.6669,5267.6646,15904.633,23548.711,4684.8547,6471.872,12391.984,131.55021,-6.781544,0.99495201,5.9575039,316.48164,403.0227,333.8888,534.77143,0.9765625,0.9765625,0.9765625,0.9765625,0.23793302,0.50485177,0.41739236,0.46689129,16,15,20.5,26,15,17,12,10,101.71939,33.338191,53.517605,95.397134,152.79737,58.745712,65.997047,95.823014
14.125,14,23.3,25.222222,21381.869,2464.9992,8533.0321,10383.82,23052.978,3015.7778,7868.9436,12168.257,144.10799,-7.4835041,-3.9859114,25.917584,316.48164,346.87811,327.25985,443.83404,1.8554688,0.9765625,0.9765625,0.9765625,0.19951011,0.38691224,0.26875609,0.24442063,13,17,24,26,17,18,11,10,86.324393,26.2843,74.26788,98.745343,152.78654,46.93625,79.686567,97.87534
13.647059,12.888889,25.777778,25.666667,22412.088,2052.9509,10602.011,9757.1019,20745.315,2305.1593,9112.3783,9327.7779,143.62609,-6.4824483,9.0034006,19.04448,216.15745,221.95364,327.55285,311.80452,1.953125,0.9765625,0.9765625,0.9765625,0.15256654,0.40929569,0.13400638,0.12280355,13,16,24.5,26,18,19,10,10,81.605739,22.702259,94.268622,94.776126,149.49327,44.034554,91.42431,92.314409
13.705882,13.647059,25.777778,25.666667,17805.392,2700.7363,7378.8481,7725.7904,21072.037,2645.2437,9347.4821,9079.3111,140.0192,-5.7072396,11.432793,16.615088,231.9145,263.3876,328.10221,328.84689,1.953125,0.9765625,0.9765625,0.9765625,0.14694314,0.40452371,0.15452681,0.12399069,13,16,21,25.5,18,18,10,10,80.657208,25.279226,92.665369,92.390379,147.12152,46.308926,89.869431,89.990629
15.533333,13.647059,25.875,25.25,23312.484,3267.8742,10200.989,9843.6023,20800.297,2871.1611,9199.3301,8729.806,137.65048,-7.581169,9.4062643,10.114329,231.9145,263.3876,333.71788,328.84689,1.953125,1.0742188,0.9765625,0.9765625,0.163061,0.35258248,0.16296378,0.14801709,13.5,13,28,27,16,18,9,9,92.183794,26.601125,97.133384,92.039095,148.36448,48.730509,93.84868,91.127817
14.733333,13.705882,25.875,25.875,22286.56,2505.007,10044.609,9737.0153,24140.622,2848.5623,10651.098,10640.962,148.10463,-10.352384,2.5331602,7.6116885,248.20336,263.3876,356.00969,359.14715,1.953125,0.9765625,0.9765625,0.9765625,0.1624757,0.34849082,0.15617825,0.14723485,13,13,26,26,16,18,9,9,94.831387,26.99128,101.29869,101.07209,160.91299,49.233021,97.873132,97.654193
