14.375,16,28.75,28.875,24239.784,2195.4416,12388.618,9655.7389,24588.384,2147.1247,13298.27,9142.9896,158.86656,-17.420816,-0.64702373,5.6461995,242.05319,234.56451,382.96495,319.38569,1.7578125,1.7578125,0.87890625,0.87890625,0.16940813,0.4527857,0.099378371,0.13448747,14,13,29,29,17,15,9,9,91.449543,25.284181,125.71568,104.66915,159.04268,39.506533,109.31798,90.622638
14.4375,16.428571,28.714286,28.714286,26231.418,2892.3202,13565.018,9774.1199,24981.21,2460.4528,13001.778,9518.9788,157.51008,-12.11644,-12.90996,-15.345456,256.95773,262.50862,382.96495,352.213,1.7578125,1.3671875,0.87890625,0.87890625,0.16856912,0.45008539,0.093342908,0.13631992,14,13,28.5,28,17,15,8,8,93.044677,27.412184,124.73865,106.5604,161.11632,41.714194,108.6033,92.776464
14.4375,15.2,28.875,28.75,23578.737,2072.4983,12609.622,8896.6302,23646.243,2303.7346,12467.291,8875.2175,151.25396,-14.326088,5.1700886,5.7255514,250.13451,262.50862,382.96495,354.69123,1.7578125,1.4648438,0.87890625,0.87890625,0.18289741,0.53633641,0.13730885,0.17667642,14,14.5,29,28,17,16,9,9,90.916795,25.056885,122.05215,102.58546,157.43168,41.211982,105.67286,89.204751
14.4375,14.5,29.142857,29,22723.386,1871.5623,12646.13,8205.6863,22654.304,1691.0677,13079.765,7883.4714,150.1014,-11.164216,-9.3330159,-8.2831281,233.5872,199.06364,379.86412,293.16291,1.7578125,1.6601563,0.87890625,0.87890625,0.18737574,0.48760256,0.17140247,0.20599349,14,15,29.5,29,17,17,8,8,88.649653,20.917697,125.37195,98.461,153.50589,36.064994,107.54947,84.880173
14.5,16,28.875,29,24384.542,1445.8078,14814.172,8124.5694,24793.829,1963.6894,13533.781,9296.3582,154.08321,-7.941304,8.9423594,4.2605924,262.99908,302.11137,388.0679,348.6971,1.7578125,1.6601563,0.87890625,0.87890625,0.18241298,0.57300001,0.1365436,0.18292374,14,15.5,28,28,17,16,9,9,92.821734,23.961674,127.19577,104.32809,160.03747,37.440116,110.12621,89.938013
14.375,15.133333,28.571429,28.571429,26943.862,2759.2012,13079.612,11105.042,25918.124,2453.4983,13727.402,9737.2237,154.17189,-7.1355758,-7.6483114,-11.683056,267.42391,305.19999,411.17764,351.46831,1.7578125,1.6601563,0.87890625,0.87890625,0.16942423,0.50948518,0.1024325,0.13475332,14,13,28.5,28.5,17,16,8,8,94.621594,25.971622,125.17818,106.88705,164.55929,42.904662,109.53091,93.526171
14.3125,15.571429,29,28.5,28263.522,2809.598,14886.831,10567.061,26458.559,2549.1676,13265.324,10644.068,155.46334,-9.6199032,5.9269837,8.0939043,265.86016,305.19999,411.78804,370.90345,1.7578125,1.4648438,0.87890625,0.87890625,0.17100783,0.5199161,0.096190619,0.11706274,14,15,28,28,17,15,9,9,94.302018,27.910444,126.97303,108.75896,164.71968,44.810345,109.45951,95.402592
14.3125,16.285714,28.714286,28.714286,25249.249,2542.424,13028.355,9678.4438,27534.157,2563.8322,14823.023,10147.301,163.28487,-10.486672,-7.5323358,0.44559199,270.48639,255.62331,412.7891,370.90345,1.7578125,1.7578125,0.87890625,0.87890625,0.18074129,0.46277563,0.10910916,0.15875211,15,16,29,28.5,17,15,8,8,96.151249,28.899175,130.33882,108.43018,167.94978,44.362769,113.47907,94.404385
14.5625,15.533333,28.875,29.125,28044.505,2296.525,15725.46,10022.487,26908.845,2870.7351,13971.275,10066.834,160.91977,-10.755248,5.7743841,9.5100316,260.98076,301.84279,421.3347,341.71413,1.7578125,1.3671875,0.87890625,0.87890625,0.18987037,0.51179713,0.14338995,0.18761791,15,15,30,29,17,16,9,9,96.180835,28.20406,126.96497,108.71149,165.11731,45.392801,109.92638,93.314585
14.3125,16.428571,28.857143,28.714286,27621.453,3468.8331,13665.495,10487.132,27229.993,2722.3096,14499.797,10007.886,160.15482,-10.578232,-7.7703918,-2.6979677,250.98408,301.84279,408.93138,341.71413,1.7578125,1.6601563,0.87890625,0.87890625,0.17275101,0.48270483,0.13097026,0.15249451,15,15,29,28.5,17,15,8,8,95.010311,29.396636,128.29353,107.90295,165.95688,44.734011,111.14538,93.945353
14.25,16.571429,28.875,28.5,27387.882,1978.9436,15020.022,10388.909,29048.841,2490.5955,15714.259,10843.987,165.78293,-10.034976,0.86066389,-2.6979675,262.46364,301.84279,426.87714,355.49696,1.7578125,1.7578125,0.87890625,0.87890625,0.15562442,0.53554973,0.076228383,0.10349183,15,15,29,29,17,15,9,9,97.456101,29.953938,134.89657,110.89858,170.97562,45.189131,116.79357,97.279452
14.3125,14.866667,26.777778,28.625,31466.878,2219.6899,17936.641,11310.464,30668.049,3349.7979,15297.097,12021.154,164.5804,-12.592552,8.3380639,0.56156845,326.09781,321.43663,428.30547,446.42214,1.7578125,1.4648438,0.87890625,0.87890625,0.1748872,0.62848139,0.19014199,0.16013213,14,14,29,29,17,16,10,9,101.41044,28.730281,118.8251,114.83309,177.13614,48.313253,110.9363,100.29091
15,17.142857,26.375,27.375,30528,6592.6571,10641.592,13293.764,29254.141,4335.0537,14217.348,10701.74,159.88005,-12.336184,1.3917125,-8.8507998,326.09781,321.43663,442.02726,446.42214,1.6601563,1.4648438,0.87890625,0.87890625,0.19356845,0.61359224,0.37130102,0.37105527,15,15,29,30,17,15,9,9,104.1844,38.611257,106.66415,98.503038,173.64067,56.308083,101.10346,89.957113
14.9375,17.153846,26.444444,26.555556,25690.977,3656.7349,14626.03,7408.1713,26812.203,4433.5679,12612.881,9765.7536,152.19919,-15.449224,18.22044,5.3898312,326.95111,321.43663,431.51617,446.42214,1.6601563,1.171875,0.87890625,0.87890625,0.19644522,0.62404514,0.29286362,0.41710048,15,14.5,29,29.5,17,14,10,10,100.10043,38.316651,105.26317,91.264586,167.53211,55.842653,99.513505,85.918543
14.375,14.4375,28.571429,25.375,25587.549,1960.7823,14761.821,8864.957,25988.613,2231.3394,15500.633,8256.6405,161.06124,-8.7897599,-7.5079203,-9.1743117,264.75263,258.43115,440.81867,313.00091,1.7578125,1.7578125,0.87890625,0.87890625,0.17066762,0.52789994,0.10788254,0.14898153,14,15,28.5,28,17,17,8,9,94.393665,24.450911,132.27482,84.603062,164.1629,42.33924,115.74047,83.352771
14.4375,15,29,28.75,26512.29,1634.7911,15615.011,9262.4808,25460.046,1770.4667,14451.273,9238.3064,158.86254,-10.706416,7.5262314,7.0623274,241.83553,202.68942,386.00475,314.063,1.7578125,1.7578125,0.87890625,0.87890625,0.1769306,0.50275105,0.12729779,0.15928332,14,14,29,29,17,17,9,9,93.464831,22.33802,131.89642,103.58332,161.84386,37.230033,113.70381,90.072456
14.625,14.5,29.142857,29,25970.446,2021.2236,13906.589,10042.734,26499.695,1820.062,15166.719,9512.9146,161.34509,-8.8507996,-3.0642084,-4.1751353,252.55952,202.68942,429.8925,331.82564,1.7578125,1.7578125,0.87890625,0.87890625,0.18668937,0.49394764,0.15811215,0.17343877,14,14,29,29,17,17,8,8,95.491369,22.268166,131.25651,107.03765,163.23311,38.393389,112.59749,92.273836
14.625,14.625,29.25,29.125,26222.4,1948.5517,15485.793,8787.8603,26013.104,2112.805,14946.288,8954.0116,161.59959,-8.5578076,1.0865127,3.0092716,252.55952,257.84516,429.8925,331.82564,1.7578125,1.6601563,0.87890625,0.87890625,0.18097017,0.51747901,0.15054758,0.20430618,15,15,29,29,17,17,9,9,94.520514,24.698706,133.29752,100.08179,161.57353,42.22001,113.9295,85.907114
14.470588,14.5,29,28.75,25172.697,2266.0965,15133.016,7773.5832,26172.161,2106.8154,15641.763,8423.5824,162.41825,-8.3502717,0.81793594,1.666392,251.21679,257.84516,429.8925,307.00678,1.7578125,1.6601563,0.87890625,0.87890625,0.178989,0.52862895,0.13738915,0.18932605,14.5,15,29,29,18,17,9,9,93.347845,23.579403,133.54672,97.056748,161.27168,40.654143,115.12649,84.397172
14.625,15.4,28.857143,29.142857,27253.238,2089.603,15446.72,9716.84,26799.965,2456.0009,15009.871,9334.0936,164.06368,-9.4917196,-5.2311277,-1.4954799,254.65825,253.71886,408.95578,319.20257,1.7578125,1.7578125,0.87890625,0.87890625,0.17036252,0.52508889,0.11440976,0.16034224,15,15,29,29,17,16,8,8,96.123332,25.995523,132.51916,103.54554,164.31339,42.200525,114.8062,88.825832
14.5,15.666667,29.125,29.125,26102.19,2941.7573,13777.009,9383.4129,26296.242,2348.1072,14571.649,9376.4854,160.36971,-12.494887,5.3898319,4.553584,256.75104,241.03475,408.95578,317.68877,1.7578125,1.6601563,0.87890625,0.87890625,0.17987894,0.51116174,0.13463934,0.19966373,15,15,29,29,17,16,9,9,95.041578,27.445219,132.3991,103.79157,163.86479,43.795562,113.6473,89.091479
14.5,16.5,29,28.571429,25858.031,1611.5017,14705.251,9541.3935,26861.781,2329.4704,14520.944,10011.366,160.75527,-9.5710717,-14.429856,-7.3797357,261.56057,236.33467,393.92774,360.09937,1.7578125,1.6601563,0.87890625,0.87890625,0.18863421,0.57752434,0.13362624,0.19558046,14,15,29,29,17,15,8,8,95.46993,26.946263,131.14129,105.71298,164.60333,40.827671,113.05284,92.498861
15.133333,16.5,25.666667,25.333333,28557.567,2328.0621,15504.107,10725.376,25060.615,2021.369,13841.291,9197.955,150.43257,-2.466016,1.0437842,4.5963123,260.02502,270.07758,395.02646,360.09937,1.7578125,1.7578125,0.87890625,0.87890625,0.18006879,0.58764421,0.10657227,0.17527681,14,15,29,28,16,15,9,10,98.200234,24.82712,129.13232,89.532326,162.22506,37.616848,111.80288,88.354269
15.266667,15.333333,25,25.125,21750.711,2091.9682,12428.726,7230.0369,25033.814,2296.6784,13754.433,8982.7025,148.0802,-2.3866643,-16.016895,-7.0440157,257.86758,274.64337,395.02646,361.63758,1.7578125,1.7578125,0.87890625,0.87890625,0.18392811,0.5333443,0.1151886,0.19496599,14,15.5,28,28,16,16,9,9,98.097903,24.676041,108.17959,85.052333,160.64067,40.232676,108.17959,84.629187
15.333333,15.333333,25.555556,25.555556,26297.239,2058.8284,13924.405,10314.032,24764.58,1973.1592,13744.159,9047.2624,146.39401,-10.871224,5.8110077,14.356607,252.89232,274.64337,403.21803,361.63758,1.7578125,1.7578125,0.87890625,0.87890625,0.18660279,0.52806065,0.12878881,0.19008597,14,14.5,29,28.5,16,16,9,10,99.373572,23.618378,126.88181,91.284265,162.02213,38.508226,110.33201,89.299825
