15.933333,28.625,28.375,28.5,17937.473,3610.6535,4111.8658,10214.946,18492.526,3967.2227,4032.6539,10492.649,134.3427,-6.4946557,13.343344,27.089552,207.36337,259.35896,213.34701,332.0576,1.7578125,0.87890625,0.87890625,0.87890625,0.1500482,0.12131492,0.11869037,0.090050692,15,28,28,28,16,9,9,9,87.740443,65.112444,65.48266,111.38915,137.66806,56.866764,57.693974,97.70978
16.266667,28.5,28.375,28.375,17082.169,4019.6312,3651.9173,9410.5614,17342.37,3952.7512,3763.029,9626.5897,128.95856,-6.213872,12.763464,26.448632,198.76536,273.54465,220.42764,331.78902,1.7578125,0.87890625,0.87890625,0.87890625,0.16016064,0.12898316,0.15189801,0.10762606,15,29,30,29,16,9,9,9,85.930096,62.937417,63.086674,106.73615,132.0647,55.208261,55.582972,94.040664
16,22.8,28.625,28.625,17480.393,4317.6279,3580.2412,9582.5101,19172.549,4748.5632,3856.346,10567.64,134.32252,-5.749968,5.6339921,21.193088,253.25662,280.77179,240.58306,381.74416,1.7578125,0.87890625,0.87890625,0.87890625,0.16816937,0.14947174,0.16849621,0.11276632,14.5,28,30,28,16,11,9,9,88.830541,57.76793,62.279162,110.56495,138.79772,63.342028,54.392281,96.563277
16.769231,22.7,28.571429,28.428571,22266.575,5790.2716,4108.5168,12367.782,19903.236,5260.6732,3718.6433,10923.919,134.97632,-7.3064875,3.290056,21.193088,253.25662,281.49206,240.20461,381.74416,1.7578125,0.87890625,0.87890625,0.87890625,0.17102086,0.11494611,0.19932003,0.12774353,14.5,26,29,21.5,14,11,8,8,95.979507,61.308037,60.950425,114.54671,143.08871,67.519864,53.331622,100.73203
18.307692,25.111111,28.25,28.375,17811.366,4513.4286,3256.644,10041.379,20755.755,5088.7971,3818.5523,11848.406,136.78196,-5.2799599,4.840472,25.746672,254.124,281.49206,240.20461,380.42569,1.7578125,0.87890625,0.87890625,0.87890625,0.16677236,0.10652503,0.16896774,0.11760136,15.5,28,29,29,14,10,9,9,104.98353,64.883912,58.999531,115.5799,143.35986,64.596815,52.211974,101.83251
18.916667,28.5,27.25,27.375,21794.402,4881.7135,4085.3866,12827.459,20201.074,4866.1178,3866.7266,11468.229,133.63488,2.0692559,6.3908881,17.176656,238.27555,253.4747,251.8022,374.65131,1.7578125,0.87890625,0.87890625,0.87890625,0.18285747,0.1018946,0.19884406,0.13892663,16,28,28,28,13,9,9,9,107.00728,71.616797,61.380212,112.30055,141.41931,62.821752,56.312121,102.55758
16.214286,28.375,28.375,28.375,20116.094,5185.9353,4002.544,10927.658,20424.298,4990.6804,4032.1905,11401.427,134.74014,-2.6735526,6.7754399,23.640791,239.56132,253.30379,251.8022,374.65131,1.7578125,0.87890625,0.87890625,0.87890625,0.17212025,0.1140753,0.15748537,0.11605907,15,28,28,28,15,9,9,9,91.774821,73.301069,63.691381,114.41138,141.50303,64.582439,56.115754,100.80298
15.266667,28.375,28.428571,28.428571,17362.437,4014.124,3769.0157,9579.3617,18393.522,4301.2206,3833.431,10258.87,131.67651,-3.1313519,6.708296,12.855024,216.45216,245.393,225.71371,343.54532,1.7578125,0.87890625,0.87890625,0.87890625,0.17075095,0.12599194,0.16978849,0.11672424,15,28,28,22.5,16,9,8,8,84.317047,66.300495,63.917955,110.06849,138.07377,58.414533,56.209257,96.793899
16.133333,27.25,29.5,29.125,21656.579,4160.9531,4845.8142,12649.855,22005.163,5508.9003,4456.1435,12040.119,133.88343,-14.326088,5.0296961,36.465295,327.91779,370.36629,255.23265,407.24667,1.7578125,0.87890625,0.87890625,0.87890625,0.20599063,0.31276164,0.31470591,0.16118101,15,29,29,31,16,9,9,9,96.804547,67.498172,70.415106,121.47298,150.00705,61.924928,59.673818,104.26866
15.2,28.5,28.571429,27.625,24874.864,7981.7131,4267.8383,12625.314,22432.51,5860.9363,4245.8754,12325.699,136.09476,-11.347336,0.84845581,15.925336,324.62861,369.6094,255.23265,407.24667,1.7578125,0.87890625,0.87890625,0.87890625,0.21383515,0.30414663,0.33483919,0.16916924,15,29,28.5,29,16,9,8,9,91.805899,73.569964,67.271221,116.24663,150.99654,64.535057,58.862319,105.20057
16.285714,28.285714,27,28.375,18594.067,4387.9383,3554.6532,10651.498,20423.969,5959.4198,3697.122,10767.427,132.84484,-9.0095036,5.3532078,34.200712,324.62861,374.07753,240.30227,386.05358,1.7578125,0.87890625,0.87890625,0.87890625,0.21481952,0.29840488,0.34507636,0.18189491,14,28.5,28,28,15,8,9,9,89.205391,64.915742,57.469263,109.30913,136.9381,57.375025,53.21228,96.307602
20.727273,28.625,28.571429,28.571429,19238.582,4771.0988,3740.2943,10727.342,20324.428,4865.6468,3928.9912,11529.79,139.55607,6.4458238,6.5312799,8.4906639,248.12933,275.63222,249.971,383.42886,1.7578125,0.87890625,0.87890625,0.87890625,0.19535798,0.13726871,0.23418547,0.16775137,21.5,28,28,28.5,12,9,8,8,115.17954,69.919267,63.595756,117.33799,138.92269,61.064862,55.646287,102.67074
18.916667,28.714286,28.375,28.375,24712.295,5455.7336,5074.3885,14182.217,22643.229,5109.6793,4622.8774,12910.673,145.93564,0.81183193,11.878384,29.000103,249.38801,266.76921,249.971,390.55833,1.7578125,0.87890625,0.87890625,0.87890625,0.17806651,0.13998755,0.17900874,0.13616602,15,29,30,29,13,8,9,9,115.22701,73.686056,69.2757,124.68164,152.2824,64.154526,61.035859,109.85166
15.571429,28.5,27.375,27.5,22254.606,5236.7718,4511.1241,12506.689,22085.766,5349.3005,4285.4686,12450.997,141.81593,3.4853838,8.1854637,6.0185443,247.90719,276.91406,250.37386,381.06051,1.7578125,0.87890625,0.87890625,0.87890625,0.18725056,0.12494464,0.20818049,0.13861165,14,29,30,29,15,9,9,9,93.752183,73.739548,66.029349,119.67962,150.51956,64.683814,60.300776,108.79966
16.285714,28.571429,25.333333,28.5,21688.322,5396.4047,4044.4101,12247.631,22021.801,5271.7177,4426.5213,12323.562,140.95119,-3.729544,8.7470317,26.241095,253.96362,270.96877,245.40521,384.95486,1.7578125,0.87890625,0.87890625,0.87890625,0.18415836,0.14110764,0.19155195,0.13887282,14,28.5,29,29,15,8,9,9,99.047989,74.747535,67.571697,121.96039,152.04735,65.404093,59.273418,106.9828
16.357143,28.5,24.875,28.428571,22634.546,5394.1219,4472.5101,12767.982,20992.454,5206.0118,3865.1583,11921.284,138.5313,0.29299188,4.82216,11.310712,258.58477,271.61579,240.91267,384.32004,1.7578125,0.87890625,0.87890625,0.87890625,0.18828637,0.1342188,0.22730801,0.14446374,14,28,27,22,15,9,9,8,97.765712,73.179456,56.64936,120.63922,149.42358,64.192505,56.93403,106.08977
18.833333,28.285714,28.375,25.222222,18394.757,4509.2488,3378.9654,10506.546,19310.685,4476.4895,3885.8812,10948.314,137.81155,-4.4498159,8.6493676,25.764983,234.50986,271.61579,244.39195,356.9497,1.7578125,0.87890625,0.87890625,0.87890625,0.18363851,0.15457148,0.18814038,0.13848681,15,28,28,30,13,8,9,9,105.50627,68.800041,62.449552,114.27966,140.05257,60.808117,55.021632,100.68692
22.6,28.5,28.714286,24.777778,18564.22,4317.5136,3947.2094,10299.494,18518.362,4179.3413,3822.8202,10516.2,132.67236,1.2879437,9.0522316,8.4723525,230.95567,260.83613,243.78155,347.39084,1.7578125,0.87890625,0.87890625,0.87890625,0.19156336,0.15542994,0.21481581,0.15585914,28,28,28,29,11,9,8,9,121.91327,66.80725,63.873992,109.16785,134.85981,58.602851,55.611685,97.908385
